3340 5 1
916	912	924	912	918.8	0
926.6666667	1132	708	940	894.8	0
418.6666667	472	404	380	444.4	1
938.6666667	928	932	956	924	0
685.3333333	752	652	652	707.6	1
909.3333333	892	916	920	892	0
838.6666667	828	840	848	841.2	0
881.3333333	872	884	888	882.8	0
593.3333333	748	472	560	538.8	1
724	736	720	716	722.8	0
885.3333333	896	876	884	880	0
942.6666667	940	936	952	922.8	0
558.6666667	512	532	632	528.4	1
522.6666667	432	660	476	458	1
448	336	500	508	509.6	1
509.3333333	676	440	412	375.2	1
818.6666667	852	800	804	799.6	0
854.6666667	860	848	856	851.6	0
313.3333333	272	312	356	379.6	1
734.6666667	616	868	720	871.6	1
878.6666667	876	892	868	881.2	0
389.3333333	424	360	384	366	1
474.6666667	428	324	672	430	1
912	916	920	900	912.4	0
838.6666667	836	844	836	841.2	0
453.3333333	524	500	336	480.8	1
454.6666667	356	380	628	423.6	1
900	896	916	888	908.8	0
925.3333333	928	928	920	917.2	0
454.6666667	444	468	452	565.6	1
421.3333333	364	524	376	526	1
949.3333333	956	956	936	942	0
844	836	844	852	844.4	0
477.3333333	532	416	484	551.6	1
977.3333333	972	984	976	928.4	0
441.3333333	456	520	348	828.8	1
872	744	1172	700	708.8	1
848	880	816	848	852	0
818.6666667	816	836	804	811.6	0
754.6666667	756	764	744	834.8	0
800	796	804	800	800	0
986.6666667	984	964	1012	991.6	0
392	340	552	284	424.4	1
341.3333333	328	416	280	346.8	1
416	356	376	516	556.4	1
538.6666667	776	408	432	445.6	1
682.6666667	552	840	656	859.2	1
826.6666667	832	816	832	828.8	0
456	592	352	424	395.6	1
856	768	804	996	754.8	1
670.6666667	740	736	536	788	1
886.6666667	892	900	868	900.4	0
418.6666667	392	560	304	398.8	1
888	896	868	900	891.6	0
488	392	420	652	446.4	1
368	460	320	324	478.8	1
832	828	796	872	831.2	0
353.3333333	356	328	376	382.8	1
804	796	820	796	856	0
952	960	972	924	996.8	0
840	824	848	848	838	0
1045.333333	1004	1124	1008	808.8	1
918.6666667	920	912	924	915.2	0
716	708	720	720	710.4	0
842.6666667	852	832	844	840.8	0
498.6666667	440	304	752	636.8	1
925.3333333	920	948	908	922.8	0
922.6666667	932	908	928	916	0
838.6666667	828	844	844	840.8	0
925.3333333	936	916	924	951.2	0
916	920	928	900	902	0
878.6666667	876	876	884	880.8	0
476	324	484	620	533.2	1
414.6666667	344	464	436	563.6	1
825.3333333	820	832	824	825.2	0
909.3333333	904	908	916	902	0
888	900	884	880	884.8	0
918.6666667	924	908	924	907.2	0
848	1160	664	720	797.2	1
854.6666667	852	852	860	846.4	0
805.3333333	812	716	888	806.8	1
370.6666667	428	360	324	692.4	1
836	832	848	828	840.4	0
872	872	892	852	884.8	0
401.3333333	364	384	456	400.4	1
872	872	888	856	869.6	0
365.3333333	280	284	532	488.4	1
452	648	360	348	390.8	1
594.6666667	756	572	456	608.4	1
917.3333333	928	912	912	910.4	0
840	832	860	828	838.8	0
824	820	824	828	822	0
329.3333333	332	320	336	482	1
740	612	656	952	806.4	1
396	452	344	392	482.4	1
872	864	876	876	871.6	0
382.6666667	356	388	404	467.6	1
885.3333333	892	880	884	864.4	0
424	656	284	332	416.8	1
424	340	396	536	494.8	1
421.3333333	544	348	372	458.4	1
842.6666667	956	976	596	774.4	1
426.6666667	448	356	476	442	1
518.6666667	752	440	364	605.6	1
830.6666667	832	852	808	891.6	0
916	924	916	908	916.4	0
962.6666667	940	1008	940	943.6	0
422.6666667	372	408	488	721.2	1
473.3333333	628	288	504	430.4	1
1189.333333	1132	1220	1216	1190.4	0
886.6666667	688	1112	860	848.8	1
356	348	408	312	340	1
752	996	768	492	743.2	1
844	852	840	840	841.2	0
425.3333333	408	492	376	465.6	1
981.3333333	980	992	972	990.4	0
505.3333333	420	516	580	437.2	1
349.3333333	412	284	352	390.8	1
366.6666667	332	408	360	398.8	1
754.6666667	724	756	784	752.8	0
774.6666667	584	968	772	738	1
813.3333333	816	816	808	818.4	0
938.6666667	944	928	944	919.6	0
369.3333333	392	428	288	452.8	1
897.3333333	884	888	920	845.6	0
872	880	872	864	870.4	0
838.6666667	844	836	836	840	0
824	820	820	832	828.4	0
908	904	928	892	915.2	0
400	492	344	364	433.2	1
466.6666667	348	400	652	379.2	1
916	904	932	912	910	0
706.6666667	952	656	512	676.8	1
530.6666667	384	468	740	458	1
500	476	488	536	479.6	1
818.6666667	940	720	796	829.2	1
762.6666667	800	608	880	743.6	0
834.6666667	792	832	880	763.6	1
857.3333333	860	872	840	859.6	0
929.3333333	912	948	928	930.4	0
533.3333333	564	608	428	420	1
434.6666667	312	692	300	476.8	1
884	876	880	896	882.8	0
360	328	316	436	537.2	1
796	1152	340	896	415.6	1
832	832	828	836	838.4	0
800	796	940	664	818.4	1
844	844	848	840	853.6	0
845.3333333	848	848	840	846.8	0
445.3333333	456	356	524	430.4	1
394.6666667	416	380	388	401.6	1
428	444	536	304	492.8	1
862.6666667	860	852	876	849.2	0
645.3333333	548	888	500	836	1
485.3333333	620	324	512	481.6	1
921.3333333	920	920	924	964	0
422.6666667	340	524	404	403.2	1
833.3333333	832	836	832	861.2	0
377.3333333	352	408	372	736.8	1
553.3333333	632	512	516	517.6	1
928	932	944	908	926	0
940	948	940	932	945.6	0
901.3333333	896	920	888	901.6	0
674.6666667	588	492	944	454.4	1
737.3333333	632	912	668	744.8	1
938.6666667	952	940	924	938.4	0
828	824	828	832	825.6	0
886.6666667	888	884	888	882.8	0
930.6666667	916	944	932	916.4	0
500	480	444	576	532.8	1
325.3333333	332	348	296	384.8	1
493.3333333	352	392	736	425.2	1
388	408	352	404	365.2	1
880	888	880	872	846.8	0
713.3333333	760	408	972	789.2	0
925.3333333	948	920	908	882.8	0
412	444	348	444	573.2	1
828	788	832	864	827.6	0
896	892	904	892	907.2	0
784	1104	664	584	681.2	1
370.6666667	376	352	384	405.2	1
801.3333333	800	800	804	792.8	0
886.6666667	896	888	876	731.2	0
416	340	436	472	457.6	1
718.6666667	720	720	716	717.6	0
909.3333333	912	908	908	908	0
885.3333333	884	892	880	877.2	0
484	440	336	676	393.2	1
416	448	484	316	385.6	1
805.3333333	804	800	812	800.8	0
872	880	868	868	894	0
822.6666667	836	796	836	824.8	0
756	752	756	760	764.8	0
397.3333333	376	356	460	376	1
441.3333333	364	420	540	462.4	1
858.6666667	820	888	868	854.8	0
486.6666667	520	360	580	452.8	1
956	952	956	960	964	0
504	368	692	452	650	1
629.3333333	696	656	536	507.2	1
422.6666667	616	304	348	324.4	1
350.6666667	376	364	312	486.4	1
914.6666667	916	912	916	893.2	0
450.6666667	408	372	572	658.8	1
428	396	516	372	462.4	1
364	312	280	500	399.6	0
502.6666667	344	696	468	442.8	1
964	964	948	980	960.4	0
910.6666667	912	904	916	910.4	0
373.3333333	444	280	396	367.2	1
758.6666667	760	760	756	766.4	0
353.3333333	412	280	368	390.4	1
796	680	808	900	858	1
348	292	344	408	368.8	1
420	372	404	484	460	1
878.6666667	880	888	868	862.8	0
850.6666667	864	840	848	840.8	0
882.6666667	876	900	872	899.2	0
826.6666667	816	836	828	834.4	0
836	836	840	832	843.2	0
846.6666667	852	864	824	806.8	0
376	372	396	360	444.4	1
660	756	500	724	632	1
834.6666667	808	836	860	833.6	0
465.3333333	460	376	560	378.4	1
973.3333333	1044	1036	840	1014	1
934.6666667	916	960	928	934.4	0
780	776	780	784	785.2	0
910.6666667	904	908	920	884.8	0
906.6666667	920	900	900	904	0
481.3333333	380	700	364	501.6	1
845.3333333	840	852	844	890.8	0
553.3333333	544	516	600	395.2	1
726.6666667	708	812	660	864.4	1
792	620	780	976	790	1
438.6666667	516	380	420	436.4	1
472	460	472	484	495.2	1
329.3333333	312	324	352	416.4	1
777.3333333	1156	328	848	480	1
882.6666667	896	940	812	920.4	0
470.6666667	360	424	628	372	1
452	484	372	500	440.4	1
836	864	804	840	839.2	0
425.3333333	420	464	392	462	1
872	780	904	932	903.6	0
553.3333333	580	520	560	459.6	1
838.6666667	848	840	828	844	0
932	936	928	932	922.4	0
438.6666667	388	516	412	729.2	1
832	824	832	840	844	0
853.3333333	964	756	840	894.4	1
1090.666667	1080	1100	1092	1050.4	0
916	916	912	920	915.2	0
880	892	884	864	914	0
501.3333333	616	528	360	509.2	1
878.6666667	888	872	876	878	0
393.3333333	348	412	420	493.2	1
389.3333333	300	312	556	354.8	1
860	864	844	872	846.4	0
960	968	940	972	952.4	0
861.3333333	856	864	864	870	0
518.6666667	472	516	568	442	1
834.6666667	836	836	832	841.2	0
913.3333333	920	900	920	910.8	0
806.6666667	808	804	808	982	0
670.6666667	672	672	668	665.2	0
933.3333333	936	940	924	931.6	0
332	284	388	324	423.2	1
841.3333333	836	844	844	847.2	0
393.3333333	592	308	280	387.6	1
1101.333333	908	952	1444	807.6	1
817.3333333	820	812	820	817.2	0
720	716	720	724	720.8	0
801.3333333	840	1044	520	1037.2	1
530.6666667	680	452	460	410.8	1
552	424	744	488	494.4	1
840	848	856	816	852	0
380	344	384	412	415.6	1
470.6666667	324	776	312	425.6	1
858.6666667	976	620	980	761.2	1
849.3333333	848	844	856	869.2	0
440	396	556	368	432.4	1
904	908	912	892	932.8	0
876	900	864	864	863.2	0
433.3333333	520	360	420	427.6	1
829.3333333	828	828	832	834.8	0
846.6666667	856	840	844	857.6	0
889.3333333	880	924	864	894	0
892	904	896	876	890.4	0
945.3333333	952	944	940	934	0
377.3333333	384	376	372	398.8	1
446.6666667	504	340	496	422.8	1
370.6666667	324	332	456	432	1
636	396	432	1080	653.2	1
866.6666667	868	864	868	897.2	0
442.6666667	468	448	412	438.4	1
336	296	332	380	352.8	1
330.6666667	304	356	332	382	1
968	964	980	960	957.2	0
344	328	348	356	394.8	1
736	732	736	740	736	0
388	380	428	356	447.6	1
1052	1488	544	1124	762.8	1
1046.666667	1032	1072	1036	1057.2	0
393.3333333	344	504	332	554.8	1
434.6666667	396	280	628	415.2	1
820	816	812	832	804.4	0
416	484	316	448	378.4	1
841.3333333	836	844	844	848.4	0
828	808	844	832	850.4	0
905.3333333	904	900	912	911.2	0
812	812	832	792	852.4	0
1061.333333	1084	1032	1068	1018	0
909.3333333	904	924	900	912.4	0
860	868	884	828	875.6	0
302.6666667	316	304	288	392.4	1
320	320	340	300	445.2	1
949.3333333	948	952	948	953.2	0
821.3333333	976	448	1040	934.4	0
838.6666667	960	804	752	773.6	1
389.3333333	408	428	332	392.8	1
504	556	456	500	710.8	1
822.6666667	828	820	820	819.6	0
834.6666667	832	840	832	833.6	0
500	696	460	344	414.4	1
378.6666667	348	456	332	787.2	1
404	368	428	416	400	1
998.6666667	880	1232	884	910.4	0
818.6666667	820	848	788	839.6	0
330.6666667	396	288	308	383.6	1
401.3333333	352	360	492	510.8	1
824	828	820	824	826	0
896	892	884	912	898.4	0
392	328	320	528	360.8	1
373.3333333	428	372	320	423.6	1
896	888	912	888	899.6	0
381.3333333	324	392	428	436	1
884	892	888	872	888.4	0
1156	1108	1188	1172	1144.8	0
456	416	460	492	454	1
366.6666667	284	340	476	440	1
462.6666667	428	468	492	503.2	1
533.3333333	696	420	484	392.4	1
398.6666667	352	424	420	425.6	1
509.3333333	384	536	608	440	1
1160	1168	1108	1204	1168	0
438.6666667	304	644	368	394.8	1
537.3333333	340	836	436	536	1
837.3333333	844	828	840	826	0
910.6666667	924	884	924	904.8	0
816	808	816	824	828.4	0
892	892	888	896	895.6	0
569.3333333	672	512	524	496.4	1
856	892	820	856	849.6	0
982.6666667	996	972	980	959.6	0
532	516	608	472	438.8	1
881.3333333	908	876	860	861.2	0
906.6666667	912	864	944	894.8	0
1048	1020	1096	1028	1054	0
926.6666667	1152	960	668	747.2	1
894.6666667	836	968	880	834.8	0
428	644	336	304	376.4	1
862.6666667	852	876	860	847.6	0
854.6666667	856	844	864	854.4	0
482.6666667	364	492	592	447.2	1
508	568	532	424	566.8	1
886.6666667	896	896	868	858	0
870.6666667	856	884	872	945.2	0
878.6666667	880	880	876	880.8	0
1060	1188	968	1024	870	1
589.3333333	672	720	376	406	1
480	640	412	388	407.2	1
776	912	784	632	735.2	1
345.3333333	260	432	344	363.6	1
534.6666667	552	356	696	466.4	1
516	580	480	488	600.8	1
501.3333333	528	504	472	473.2	1
850.6666667	888	820	844	850	0
486.6666667	524	572	364	450.8	1
546.6666667	432	468	740	486	1
817.3333333	816	824	812	827.6	0
424	420	488	364	463.6	1
884	880	892	880	886.8	0
841.3333333	836	840	848	836.4	0
760	756	808	716	753.6	0
492	300	588	588	1856	0
782.6666667	744	824	780	806.4	0
892	896	892	888	899.2	0
456	400	508	460	734.4	1
712	712	712	712	694.8	0
569.3333333	684	532	492	577.2	0
573.3333333	572	656	492	656.8	1
508	528	496	500	401.2	1
433.3333333	404	488	408	778	1
436	356	424	528	486	1
429.3333333	440	440	408	484.8	1
432	596	428	272	364.4	1
448	348	648	348	411.6	1
360	364	328	388	427.2	1
476	400	364	664	390.4	1
350.6666667	420	296	336	390	1
878.6666667	876	864	896	856.8	0
852	848	864	844	956.8	0
822.6666667	824	824	820	831.6	0
968	996	996	912	917.2	0
889.3333333	912	880	876	850.4	0
465.3333333	380	492	524	515.2	1
506.6666667	780	412	328	470.8	1
882.6666667	884	880	884	880.4	0
385.3333333	320	352	484	434.4	1
886.6666667	888	884	888	881.2	0
370.6666667	364	376	372	355.6	1
834.6666667	844	824	836	832.8	0
945.3333333	952	920	964	943.6	0
478.6666667	380	540	516	458.4	1
488	472	568	424	459.2	1
833.3333333	832	840	828	832.8	0
754.6666667	760	752	752	753.6	0
365.3333333	408	336	352	780.8	1
786.6666667	784	784	792	766.4	0
424	452	360	460	422	1
902.6666667	904	896	908	910.8	0
494.6666667	508	388	588	457.2	1
809.3333333	816	800	812	805.6	0
745.3333333	848	744	644	946.4	1
580	720	348	672	369.2	1
885.3333333	888	928	840	889.6	0
1032	944	528	1624	640	1
404	392	420	400	466.4	1
804	808	800	804	807.2	0
468	352	528	524	414.4	1
813.3333333	772	824	844	812	0
345.3333333	356	352	328	392.8	1
686.6666667	792	648	620	822	1
737.3333333	520	528	1164	788.8	0
821.3333333	824	824	816	824	0
822.6666667	796	860	812	728	1
841.3333333	848	832	844	845.2	0
501.3333333	412	628	464	400.8	1
448	364	448	532	505.6	1
885.3333333	876	888	892	889.6	0
954.6666667	964	940	960	962.4	0
886.6666667	876	896	888	890.8	0
422.6666667	408	556	304	607.6	1
866.6666667	872	864	864	857.6	0
300	320	288	292	373.6	1
342.6666667	352	412	264	396.8	1
844	836	848	848	836	0
766.6666667	676	800	824	725.2	1
876	872	876	880	858.8	0
756	760	744	764	755.2	0
829.3333333	832	824	832	823.2	0
577.3333333	708	400	624	555.2	1
500	444	636	420	887.6	0
885.3333333	884	872	900	911.2	0
926.6666667	932	912	936	924.8	0
324	396	336	240	409.6	1
841.3333333	848	840	836	842.4	0
822.6666667	820	812	836	742.8	0
580	564	540	636	704.8	1
953.3333333	960	968	932	975.2	0
461.3333333	528	504	352	419.6	1
709.3333333	712	708	708	717.2	0
704	668	744	700	718	0
585.3333333	784	628	344	482	1
913.3333333	912	888	940	876.4	0
601.3333333	556	840	408	605.2	1
398.6666667	336	420	440	402.4	1
764	764	764	764	770.4	0
405.3333333	340	372	504	424	1
821.3333333	780	824	860	821.6	0
1090.666667	1100	1136	1036	878.8	1
392	320	436	420	391.2	1
416	472	396	380	425.6	1
885.3333333	884	888	884	884	0
425.3333333	292	612	372	396.8	1
462.6666667	492	352	544	507.6	1
896	972	900	816	879.2	1
698.6666667	580	664	852	653.6	1
945.3333333	936	936	964	899.6	0
852	844	848	864	848.8	0
794.6666667	828	764	792	756.4	0
346.6666667	432	348	260	361.6	1
969.3333333	956	972	980	966.8	0
873.3333333	664	796	1160	811.6	1
824	824	824	824	823.2	0
488	536	428	500	438	1
342.6666667	264	352	412	403.6	1
485.3333333	556	292	608	416.8	1
868	880	856	868	894.4	0
440	376	344	600	391.2	1
536	484	456	668	646.8	1
406.6666667	348	348	524	445.2	1
893.3333333	880	904	896	894.8	0
426.6666667	428	472	380	446.4	1
825.3333333	860	792	824	824.8	0
898.6666667	900	900	896	894.8	0
816	812	812	824	824.8	0
1018.666667	1060	1016	980	1008	0
337.3333333	308	364	340	499.2	1
366.6666667	324	312	464	401.2	1
520	516	500	544	646	1
918.6666667	932	900	924	909.2	0
893.3333333	904	892	884	918.8	0
670.6666667	860	684	468	501.2	1
809.3333333	812	796	820	810	0
458.6666667	332	656	388	454.4	1
844	840	844	848	849.2	0
812	972	924	540	486.8	1
832	828	848	820	842.8	0
958.6666667	960	932	984	960.4	0
937.3333333	964	952	896	870.8	0
1141.333333	1096	1148	1180	1064	0
382.6666667	384	452	312	512	1
368	352	432	320	432.4	1
884	896	848	908	883.6	0
881.3333333	884	896	864	883.2	0
378.6666667	524	272	340	391.6	1
489.3333333	400	360	708	598.4	1
477.3333333	460	604	368	780.8	1
846.6666667	816	944	780	803.2	1
426.6666667	360	424	496	481.6	1
394.6666667	428	364	392	460	1
381.3333333	312	364	468	420.4	1
349.3333333	412	316	320	354	1
357.3333333	316	384	372	396.8	1
805.3333333	804	812	800	809.2	0
848	852	848	844	844	0
910.6666667	900	916	916	917.2	0
465.3333333	316	428	652	471.2	1
348	420	268	356	400.4	1
510.6666667	560	580	392	448.4	1
577.3333333	520	756	456	864	1
400	400	368	432	696.8	1
601.3333333	572	476	756	629.6	1
548	748	364	532	481.2	1
1144	1152	1128	1152	1114	0
494.6666667	516	424	544	401.2	1
496	344	476	668	428.4	1
478.6666667	420	320	696	381.6	1
358.6666667	304	392	380	400	1
492	620	576	280	450.4	1
881.3333333	896	868	880	883.2	0
464	272	596	524	395.2	1
834.6666667	828	836	840	840.4	0
365.3333333	424	312	360	364	1
394.6666667	408	404	372	767.2	1
812	816	808	812	814.4	0
866.6666667	708	844	1048	947.6	1
840	836	844	840	839.2	0
432	480	456	360	449.2	1
436	380	456	472	454.4	1
840	844	836	840	843.6	0
573.3333333	388	620	712	461.2	1
768	620	792	892	834.8	1
873.3333333	868	888	864	900.8	0
445.3333333	460	400	476	692.8	1
377.3333333	404	356	372	460.4	1
954.6666667	960	936	968	958.4	0
922.6666667	920	920	928	918	0
869.3333333	876	864	868	865.6	0
337.3333333	344	260	408	357.6	1
326.6666667	312	280	388	337.2	1
402.6666667	324	404	480	411.2	1
845.3333333	840	848	848	850.8	0
393.3333333	456	364	360	396	1
957.3333333	964	932	976	954	0
842.6666667	844	832	852	847.6	0
425.3333333	472	340	464	450.4	1
942.6666667	940	928	960	933.6	0
626.6666667	496	532	852	766.4	0
880	872	872	896	890.4	0
396	460	368	360	421.2	1
906.6666667	900	904	916	921.6	0
358.6666667	360	372	344	384.4	1
357.3333333	448	288	336	367.2	1
886.6666667	868	908	884	910	0
516	472	616	460	494	1
886.6666667	884	880	896	880.4	0
450.6666667	380	300	672	344	1
422.6666667	292	420	556	437.2	1
917.3333333	920	928	904	921.6	0
852	848	840	868	882	0
445.3333333	428	312	596	358.4	1
832	828	844	824	834.8	0
420	456	464	340	444.8	1
354.6666667	352	356	356	668	1
849.3333333	856	852	840	826.8	0
544	528	488	616	505.2	1
472	700	336	380	478.8	1
490.6666667	576	440	456	439.6	1
877.3333333	864	892	876	909.2	0
870.6666667	864	884	864	890	0
940	1124	692	1004	751.2	1
914.6666667	920	904	920	898.4	0
916	920	904	924	914.8	0
902.6666667	912	864	932	898.8	0
836	848	856	804	843.2	0
421.3333333	588	328	348	343.6	1
848	848	856	840	847.2	0
444	356	460	516	438	1
730.6666667	512	880	800	763.6	1
905.3333333	912	916	888	922	0
429.3333333	368	588	332	472.8	1
900	904	896	900	893.2	0
957.3333333	952	988	932	922	0
604	500	556	756	672.4	1
346.6666667	312	408	320	386.4	1
486.6666667	484	544	432	505.2	1
526.6666667	732	360	488	458.4	1
821.3333333	828	812	824	820.8	0
946.6666667	544	808	1488	776.8	1
425.3333333	516	356	404	425.6	1
978.6666667	992	984	960	957.2	0
972	968	992	956	984.8	0
696	556	660	872	706.4	1
869.3333333	588	780	1240	822.4	1
901.3333333	900	896	908	912.4	0
404	300	468	444	422.4	1
914.6666667	924	908	912	909.6	0
594.6666667	664	400	720	394.4	1
929.3333333	924	944	920	932.8	0
409.3333333	368	460	400	783.6	1
877.3333333	856	928	848	800	0
402.6666667	304	444	460	474.4	1
374.6666667	428	356	340	594.8	1
841.3333333	844	844	836	842	0
826.6666667	832	832	816	826.8	0
908	904	924	896	906.4	0
726.6666667	772	780	628	846	1
744	752	748	732	815.2	0
661.3333333	668	632	684	727.2	1
916	920	908	920	925.2	0
412	364	496	376	520	1
964	972	960	960	965.6	0
758.6666667	692	608	976	784.4	1
854.6666667	632	1132	800	871.2	1
434.6666667	476	424	404	456	1
872	868	860	888	856.4	0
928	940	916	928	924.8	0
810.6666667	808	808	816	822.4	0
914.6666667	916	892	936	900.4	0
846.6666667	844	804	892	829.2	0
886.6666667	884	892	884	881.6	0
785.3333333	956	492	908	754.4	1
1025.333333	664	1232	1180	746	1
913.3333333	920	932	888	685.2	0
904	900	904	908	909.2	0
812	828	820	788	820.8	0
746.6666667	516	1124	600	801.2	1
373.3333333	332	344	444	540.8	1
320	384	284	292	381.6	1
410.6666667	424	412	396	399.6	1
353.3333333	420	280	360	364.4	1
446.6666667	452	404	484	448.8	1
310.6666667	356	272	304	375.2	1
908	916	908	900	914.4	0
573.3333333	652	392	676	455.6	1
821.3333333	1068	432	964	911.6	0
433.3333333	504	268	528	417.2	1
936	712	864	1232	793.6	1
597.3333333	532	748	512	507.6	1
909.3333333	896	940	892	921.6	0
884	892	896	864	890.4	0
364	376	312	404	376.4	1
897.3333333	892	900	900	858.8	0
506.6666667	564	420	536	849.2	1
497.3333333	364	380	748	498	1
438.6666667	480	568	268	382.8	1
918.6666667	932	924	900	906.4	0
892	892	892	892	893.6	0
465.3333333	668	344	384	429.6	1
917.3333333	924	924	904	927.2	0
830.6666667	832	824	836	830	0
830.6666667	848	832	812	876.4	0
798.6666667	800	800	796	800.8	0
710.6666667	432	464	1236	528	1
758.6666667	840	620	816	789.2	1
909.3333333	908	908	912	907.6	0
365.3333333	316	452	328	561.2	1
897.3333333	912	872	908	842.4	0
409.3333333	428	392	408	443.2	1
414.6666667	428	532	284	438.4	1
342.6666667	352	392	284	434.8	1
897.3333333	904	888	900	892.4	0
917.3333333	916	920	916	868	0
830.6666667	800	832	860	836	0
974.6666667	1008	1004	912	836.4	1
838.6666667	844	840	832	837.6	0
858.6666667	860	856	860	855.6	0
385.3333333	412	344	400	414.4	1
894.6666667	904	880	900	896.8	0
861.3333333	828	864	892	866.8	0
936	940	924	944	925.2	0
985.3333333	996	976	984	991.2	0
829.3333333	828	796	864	827.2	0
558.6666667	540	360	776	454.4	1
812	816	788	832	764.4	0
393.3333333	372	360	448	454.4	1
845.3333333	848	848	840	850.4	0
841.3333333	840	848	836	846	0
473.3333333	400	672	348	377.2	1
398.6666667	316	408	472	469.6	1
985.3333333	1128	996	832	837.6	1
801.3333333	864	720	820	827.2	1
880	824	684	1132	871.6	1
901.3333333	864	936	904	752.8	1
1120	1136	1124	1100	828.4	1
905.3333333	668	1152	896	807.6	1
926.6666667	928	920	932	925.6	0
825.3333333	820	832	824	829.6	0
916	920	908	920	914	0
332	296	360	340	408	1
893.3333333	896	900	884	888.8	0
442.6666667	464	504	360	456.4	1
874.6666667	880	880	864	899.2	0
405.3333333	296	500	420	402.8	1
858.6666667	948	804	824	738	0
558.6666667	572	748	356	490.4	1
880	900	872	868	797.6	0
441.3333333	348	368	608	386.4	1
448	488	436	420	452.8	1
436	316	484	508	433.6	1
428	516	352	416	451.6	1
917.3333333	916	940	896	888	0
900	888	920	892	902.8	0
890.6666667	888	888	896	895.2	0
613.3333333	616	616	608	611.2	0
901.3333333	908	900	896	894.8	0
569.3333333	696	500	512	619.6	1
900	900	904	896	907.6	0
828	840	840	804	839.6	0
853.3333333	856	836	868	853.2	0
785.3333333	840	964	552	894	1
448	464	452	428	411.6	1
917.3333333	928	924	900	892.8	0
722.6666667	760	832	576	876.8	1
786.6666667	784	788	788	866.4	0
454.6666667	324	448	592	459.2	1
813.3333333	804	816	820	815.6	0
1026.666667	1024	1012	1044	936.4	0
537.3333333	532	332	748	476.4	1
508	476	420	628	503.2	1
822.6666667	816	832	820	828.4	0
485.3333333	708	400	348	450.4	1
413.3333333	424	400	416	420	1
854.6666667	856	844	864	762	0
920	912	928	920	932	0
317.3333333	276	296	380	338.8	1
834.6666667	832	832	840	819.6	0
502.6666667	476	460	572	660	1
898.6666667	900	904	892	895.2	0
534.6666667	688	528	388	497.2	1
754.6666667	844	712	708	940	1
550.6666667	588	608	456	443.6	1
473.3333333	516	524	380	424.4	1
820	828	824	808	825.2	0
505.3333333	600	408	508	477.6	1
992	1000	996	980	991.6	0
860	864	872	844	875.2	0
805.3333333	808	848	760	799.6	0
784	548	728	1076	740.8	1
786.6666667	784	792	784	823.6	0
897.3333333	876	924	892	898.4	0
974.6666667	1024	1188	712	915.2	1
982.6666667	1000	984	964	975.2	0
364	320	456	316	465.6	1
520	504	528	528	465.2	1
408	372	380	472	438.8	1
564	684	496	512	516.8	1
838.6666667	844	848	824	864.8	0
460	456	468	456	440	1
344	360	312	360	428.4	1
752	632	644	980	958.8	1
906.6666667	912	892	916	901.6	0
665.3333333	676	652	668	485.6	1
941.3333333	940	936	948	941.2	0
572	340	552	824	813.2	0
352	292	380	384	399.6	1
446.6666667	476	404	460	488.8	1
885.3333333	876	896	884	883.6	0
906.6666667	896	912	912	915.6	0
852	852	848	856	861.6	0
822.6666667	820	808	840	808	0
888	888	888	888	896.4	0
874.6666667	892	880	852	874.8	0
1076	1088	1088	1052	1078.8	0
968	996	964	944	935.6	0
432	488	332	476	460.8	1
866.6666667	588	1044	968	736	1
385.3333333	352	440	364	357.2	1
809.3333333	808	820	800	802.8	0
436	316	332	660	434.4	1
817.3333333	980	716	756	912.8	1
788	684	508	1172	649.2	1
912	920	892	924	897.2	0
477.3333333	492	408	532	814.4	1
694.6666667	472	580	1032	462.8	1
797.3333333	804	800	788	781.2	0
834.6666667	836	824	844	828.8	0
905.3333333	936	916	864	807.6	1
901.3333333	904	900	900	904.8	0
385.3333333	392	404	360	690.8	1
861.3333333	860	864	860	852.4	0
922.6666667	916	912	940	924.8	0
613.3333333	424	492	924	446.4	1
866.6666667	868	880	852	870.4	0
880	884	868	888	897.6	0
885.3333333	816	972	868	852.4	1
858.6666667	824	676	1076	729.6	1
534.6666667	760	512	332	498.4	1
936	944	952	912	928.4	0
926.6666667	924	940	916	933.6	0
342.6666667	444	300	284	402.4	1
766.6666667	752	796	752	724.8	0
836	832	832	844	833.2	0
620	576	644	640	814.8	1
794.6666667	936	584	864	716.8	1
442.6666667	588	300	440	375.2	1
396	416	388	384	453.2	1
833.3333333	832	820	848	826	0
957.3333333	968	956	948	923.6	0
965.3333333	976	932	988	966	0
922.6666667	928	904	936	886.4	0
873.3333333	868	896	856	858.8	0
873.3333333	884	880	856	884	0
853.3333333	844	856	860	847.6	0
581.3333333	456	804	484	648.4	1
506.6666667	572	424	524	444.4	1
956	1016	924	928	822	1
821.3333333	816	836	812	816.4	0
825.3333333	824	820	832	830.8	0
785.3333333	588	828	940	848.8	0
354.6666667	336	400	328	628.8	1
544	484	676	472	565.6	1
432	508	348	440	437.2	1
1048	1076	992	1076	862	0
521.3333333	512	524	528	514	1
1093.333333	1052	1132	1096	1065.2	0
944	956	944	932	935.2	0
430.6666667	428	480	384	411.6	1
869.3333333	868	872	868	847.6	0
366.6666667	412	264	424	392	1
897.3333333	908	904	880	909.2	0
930.6666667	932	968	892	949.6	0
497.3333333	428	492	572	368	1
836	832	840	836	827.2	0
966.6666667	976	956	968	970.4	0
726.6666667	452	800	928	799.2	0
377.3333333	500	336	296	416	1
877.3333333	872	892	868	883.2	0
420	384	424	452	367.6	1
444	440	504	388	434.4	1
424	452	436	384	537.2	1
489.3333333	516	632	320	529.6	1
912	924	912	900	904.8	0
882.6666667	884	884	880	873.2	0
432	448	512	336	457.2	1
442.6666667	432	484	412	513.2	1
836	788	856	864	828.4	0
878.6666667	876	888	872	889.6	0
324	288	380	304	342	1
901.3333333	912	904	888	887.2	0
946.6666667	948	948	944	946	0
816	812	820	816	801.6	0
529.3333333	628	356	604	420.4	1
462.6666667	416	636	336	492.4	1
892	888	884	904	913.6	0
414.6666667	380	472	392	459.6	1
1032	1016	1040	1040	971.2	0
844	852	828	852	855.2	0
448	492	468	384	500	1
894.6666667	832	1092	760	880	1
489.3333333	428	560	480	425.2	1
890.6666667	900	876	896	867.6	0
870.6666667	1184	460	968	904	0
938.6666667	944	916	956	917.2	0
437.3333333	372	448	492	455.2	1
926.6666667	932	920	928	906	0
824	788	832	852	831.6	0
780	832	720	788	766.8	1
874.6666667	768	1076	780	784.4	1
406.6666667	416	516	288	468.4	1
901.3333333	904	896	904	910	0
993.3333333	1000	1004	976	988.8	0
469.3333333	516	460	432	469.2	1
420	468	424	368	442.8	1
824	836	832	804	803.2	0
917.3333333	924	900	928	886.8	0
764	1236	432	624	536.8	1
901.3333333	896	904	904	897.2	0
453.3333333	336	404	620	351.6	1
840	876	800	844	836.4	0
528	512	600	472	430	1
288	288	288	288	398.4	1
450.6666667	424	632	296	345.6	1
378.6666667	280	620	236	486	1
484	460	452	540	423.6	1
938.6666667	932	964	920	877.6	0
408	420	492	312	654	1
845.3333333	880	816	840	834.4	0
361.3333333	284	420	380	414	1
729.3333333	728	736	724	728	0
436	460	432	416	460.8	1
890.6666667	832	1128	712	870.8	1
509.3333333	352	544	632	576	1
366.6666667	280	376	444	396.4	1
346.6666667	348	360	332	400	1
872	864	864	888	846	0
433.3333333	520	396	384	404.8	1
822.6666667	824	828	816	823.6	0
728	880	792	512	766.4	1
956	960	956	952	952	0
845.3333333	844	856	836	826.4	0
458.6666667	460	460	456	522.4	1
933.3333333	928	940	932	938	0
474.6666667	620	416	388	436	1
553.3333333	524	672	464	512.4	1
892	884	896	896	880.8	0
840	840	832	848	847.6	0
910.6666667	916	912	904	911.2	0
869.3333333	868	876	864	876.8	0
349.3333333	308	372	368	360	1
1145.333333	1124	1176	1136	1155.6	0
418.6666667	508	336	412	493.6	1
862.6666667	860	848	880	852.8	0
385.3333333	324	352	480	392.4	1
842.6666667	852	840	836	848.4	0
914.6666667	912	916	916	917.2	0
596	656	560	572	642	1
889.3333333	900	896	872	892.4	0
964	972	948	972	949.6	0
597.3333333	756	564	472	567.6	1
754.6666667	328	780	1156	500	1
450.6666667	480	324	548	400	1
397.3333333	400	412	380	410.4	1
377.3333333	380	408	344	361.6	1
437.3333333	332	448	532	485.6	1
360	284	444	352	417.2	1
778.6666667	692	836	808	805.6	0
866.6666667	860	872	868	879.2	0
834.6666667	624	1236	644	616.8	1
888	888	884	892	890.8	0
409.3333333	436	452	340	464	1
898.6666667	896	888	912	899.2	0
857.3333333	856	856	860	888.8	0
782.6666667	788	764	796	785.2	0
446.6666667	412	508	420	473.6	1
756	872	852	544	854.4	0
425.3333333	428	508	340	438	1
902.6666667	900	912	896	889.2	0
302.6666667	276	320	312	354.4	1
837.3333333	824	836	852	808	0
361.3333333	368	428	288	358.8	1
913.3333333	928	1076	736	762	1
493.3333333	440	464	576	443.2	1
473.3333333	416	472	532	565.6	1
414.6666667	620	336	288	336.4	1
824	836	836	800	844.4	0
468	460	476	468	438.8	1
1096	872	872	1544	880.4	0
930.6666667	932	932	928	932	0
456	380	500	488	471.6	1
876	1100	864	664	844.4	1
385.3333333	356	336	464	444.8	1
382.6666667	376	408	364	465.6	1
808	812	804	808	802.8	0
592	596	672	508	916.4	1
758.6666667	748	760	768	759.6	0
777.3333333	768	796	768	769.6	0
474.6666667	424	524	476	453.6	1
832	836	808	852	833.2	0
853.3333333	856	880	824	803.2	1
614.6666667	556	676	612	495.2	1
845.3333333	856	848	832	853.2	0
466.6666667	388	604	408	394.4	1
928	924	920	940	921.6	0
384	316	304	532	450.4	1
833.3333333	828	836	836	834.4	0
1052	1040	1204	912	867.6	1
897.3333333	888	912	892	904.4	0
909.3333333	904	904	920	908	0
644	540	440	952	546	1
781.3333333	756	808	780	782.8	0
856	1032	992	544	886.8	1
828	828	836	820	828.8	0
413.3333333	320	312	608	384.8	1
914.6666667	920	920	904	916	0
362.6666667	312	416	360	424.8	1
477.3333333	600	392	440	460.8	1
912	912	900	924	896	0
841.3333333	844	844	836	854	0
1061.333333	1044	1060	1080	1079.6	0
989.3333333	1204	724	1040	850.8	1
1165.333333	1168	1128	1200	1183.2	0
832	816	844	836	846.4	0
773.3333333	924	424	972	438.4	1
496	448	608	432	705.2	0
825.3333333	816	860	800	805.6	0
994.6666667	912	1040	1032	866	1
681.3333333	768	584	692	760.4	1
549.3333333	660	476	512	420	1
424	552	436	284	407.6	1
488	588	508	368	456	1
501.3333333	500	672	332	448	1
520	576	364	620	428	1
482.6666667	616	360	472	465.6	1
818.6666667	808	828	820	827.6	0
810.6666667	804	812	816	811.2	0
812	816	792	828	791.2	0
465.3333333	444	472	480	549.2	1
720	756	508	896	887.6	1
382.6666667	404	408	336	343.6	1
768	764	792	748	791.6	0
405.3333333	324	460	432	461.2	1
930.6666667	940	924	928	932.8	0
928	912	924	948	936.4	0
741.3333333	904	736	584	778.4	1
1182.666667	1228	1160	1160	1141.6	0
886.6666667	904	868	888	884.8	0
857.3333333	860	856	856	914.4	0
893.3333333	908	896	876	908.8	0
416	464	352	432	412	1
868	864	868	872	868	0
474.6666667	400	464	560	362.8	1
724	724	720	728	724.4	0
813.3333333	804	824	812	814.8	0
813.3333333	812	816	812	816.8	0
964	984	960	948	960.8	0
868	864	876	864	841.6	0
481.3333333	512	484	448	462	1
334.6666667	296	404	304	352	1
793.3333333	780	820	780	784.4	0
1064	1036	1100	1056	908.8	1
861.3333333	692	768	1124	741.6	1
856	888	688	992	783.2	1
432	436	360	500	484.8	1
834.6666667	832	844	828	839.6	0
928	924	932	928	930.8	0
804	808	808	796	828.4	0
1205.333333	1228	1196	1192	1174.8	0
965.3333333	968	956	972	954.8	0
864	860	872	860	852.4	0
645.3333333	636	648	652	649.2	0
478.6666667	508	500	428	423.2	1
881.3333333	896	872	876	850.8	0
377.3333333	364	460	308	510.4	1
880	876	872	892	883.6	0
498.6666667	460	556	480	422.8	1
838.6666667	872	848	796	714.4	0
872	864	876	876	892.4	0
406.6666667	336	524	360	501.2	1
445.3333333	504	380	452	447.6	1
824	820	836	816	826	0
942.6666667	936	960	932	938	0
509.3333333	532	488	508	679.6	1
889.3333333	804	904	960	805.6	1
938.6666667	932	928	956	877.2	0
449.3333333	472	528	348	468.8	1
321.3333333	292	396	276	382	1
837.3333333	840	844	828	834	0
800	864	824	712	789.6	1
885.3333333	892	888	876	879.2	0
858.6666667	856	860	860	860.8	0
890.6666667	892	888	892	878.8	0
326.6666667	284	392	304	339.2	1
954.6666667	880	1100	884	860.4	0
721.3333333	656	556	952	644.4	1
920	916	916	928	917.6	0
849.3333333	812	844	892	842	0
898.6666667	900	904	892	901.2	0
425.3333333	432	364	480	567.2	1
829.3333333	836	836	816	832.4	0
993.3333333	996	992	992	981.6	0
488	304	508	652	498	1
881.3333333	880	892	872	876.8	0
380	352	364	424	500.4	1
517.3333333	460	648	444	451.2	1
449.3333333	440	464	444	409.6	1
893.3333333	892	896	892	892.8	0
420	336	424	500	412.8	1
849.3333333	852	856	840	847.2	0
404	440	472	300	432.4	1
890.6666667	888	904	880	892.4	0
358.6666667	340	344	392	594.4	0
882.6666667	884	888	876	876.4	0
926.6666667	932	924	924	922.8	0
805.3333333	948	516	952	808.8	0
929.3333333	936	932	920	917.2	0
893.3333333	904	904	872	890.8	0
361.3333333	312	412	360	436	1
421.3333333	412	504	348	498.4	1
860	864	852	864	857.6	0
489.3333333	488	580	400	624	1
830.6666667	828	836	828	829.6	0
928	932	936	916	923.2	0
833.3333333	868	808	824	834	0
808	808	816	800	729.2	1
981.3333333	988	960	996	980.8	0
805.3333333	804	800	812	775.2	0
469.3333333	456	460	492	460	1
829.3333333	832	824	832	832.4	0
352	388	312	356	330.4	1
341.3333333	424	312	288	370	1
378.6666667	368	452	316	372.4	1
422.6666667	396	528	344	435.6	1
817.3333333	816	828	808	824.8	0
534.6666667	560	528	516	510	1
849.3333333	856	856	836	849.2	0
813.3333333	1344	504	592	472.8	1
949.3333333	952	952	944	950	0
832	832	840	824	842.8	0
894.6666667	876	896	912	896.4	0
896	908	900	880	895.2	0
353.3333333	348	380	332	412.8	1
1024	1024	1008	1040	989.6	0
876	860	780	988	773.6	1
382.6666667	296	424	428	356.4	1
845.3333333	856	836	844	838	0
514.6666667	568	472	504	453.6	1
434.6666667	312	384	608	482.4	1
573.3333333	584	524	612	730	0
444	372	532	428	434.8	1
942.6666667	956	956	916	890.8	0
422.6666667	484	468	316	436.8	1
865.3333333	868	856	872	857.2	0
894.6666667	904	892	888	883.6	0
705.3333333	952	608	556	589.2	1
902.6666667	904	888	916	887.2	0
874.6666667	868	884	872	794.8	0
578.6666667	464	936	336	875.2	1
336	384	296	328	469.2	1
534.6666667	604	540	460	766.8	1
838.6666667	848	836	832	830.4	0
840	844	840	836	838.8	0
329.3333333	332	304	352	379.2	1
449.3333333	332	536	480	512.4	1
1072	1100	1104	1012	1081.6	0
470.6666667	560	460	392	382.4	1
864	868	864	860	861.2	0
893.3333333	892	892	896	896.8	0
465.3333333	648	288	460	436.4	1
384	360	392	400	644.8	1
456	440	588	340	397.2	1
796	776	824	788	810	0
488	424	536	504	470	1
818.6666667	828	812	816	779.6	0
901.3333333	892	908	904	905.2	0
874.6666667	860	888	876	863.2	0
494.6666667	688	372	424	488	1
568	460	548	696	419.2	1
845.3333333	860	852	824	833.2	0
413.3333333	500	312	428	370.4	1
841.3333333	848	840	836	840	0
714.6666667	716	716	712	723.6	0
834.6666667	840	824	840	841.2	0
450.6666667	388	640	324	426.4	1
872	876	860	880	871.6	0
906.6666667	920	900	900	898.8	0
421.3333333	408	392	464	450.4	1
757.3333333	760	756	756	740	0
850.6666667	852	852	848	844	0
893.3333333	880	904	896	897.6	0
429.3333333	492	372	424	449.6	1
806.6666667	788	816	816	824	0
524	600	464	508	434.4	1
482.6666667	424	396	628	386.8	1
424	452	356	464	416.8	1
906.6666667	900	904	916	909.2	0
641.3333333	628	604	692	402.4	1
748	884	816	544	795.2	1
808	812	804	808	819.6	0
1062.666667	1028	1084	1076	1057.2	0
353.3333333	360	356	344	418.8	1
525.3333333	496	504	576	421.6	1
841.3333333	852	832	840	842.4	0
922.6666667	924	912	932	919.6	0
850.6666667	856	844	852	845.6	0
945.3333333	952	944	940	938.8	0
833.3333333	844	828	828	829.6	0
845.3333333	788	832	916	783.2	1
522.6666667	324	496	748	814	0
916	920	908	920	904	0
816	824	804	820	816	0
453.3333333	632	304	424	326	1
734.6666667	608	644	952	579.2	1
330.6666667	408	272	312	377.6	1
821.3333333	848	792	824	819.2	0
920	928	900	932	900.8	0
914.6666667	928	892	924	908.8	0
405.3333333	432	432	352	423.2	1
834.6666667	836	832	836	841.2	0
565.3333333	520	504	672	484.8	1
840	840	848	832	839.6	0
461.3333333	468	460	456	434.4	1
834.6666667	836	832	836	831.2	0
853.3333333	840	868	852	850.4	0
497.3333333	448	576	468	458.4	1
382.6666667	432	392	324	460	1
365.3333333	420	336	340	416.8	1
988	964	956	1044	990.8	0
832	828	832	836	829.6	0
560	708	496	476	455.6	1
490.6666667	500	448	524	464.4	1
878.6666667	868	880	888	878.4	0
494.6666667	624	536	324	370	1
440	488	380	452	388	1
949.3333333	956	912	980	947.2	0
894.6666667	896	872	916	909.2	0
844	836	844	852	852.8	0
924	928	916	928	928	0
828	824	836	824	827.6	0
1041.333333	1060	1036	1028	941.6	0
374.6666667	372	384	368	369.6	1
302.6666667	324	292	292	364	1
668	536	564	904	814	1
426.6666667	428	316	536	441.2	1
908	908	928	888	888.4	0
825.3333333	816	844	816	865.2	0
366.6666667	340	428	332	566.4	1
480	360	464	616	460.8	1
864	860	884	848	869.2	0
666.6666667	880	608	512	762.8	1
826.6666667	828	824	828	823.2	0
388	424	392	348	406.8	1
976	944	1008	976	980.8	0
422.6666667	352	300	616	480	1
468	384	500	520	447.6	1
420	456	384	420	457.2	1
873.3333333	880	876	864	872.4	0
833.3333333	864	816	820	823.6	0
377.3333333	360	336	436	485.2	1
894.6666667	908	1032	744	979.6	1
720	716	704	740	731.6	0
492	660	316	500	425.6	1
852	888	816	852	842	0
509.3333333	536	568	424	482	1
464	488	372	532	706.4	1
533.3333333	556	624	420	524.4	1
910.6666667	920	904	908	906.8	0
393.3333333	348	388	444	594	1
721.3333333	808	812	544	800	1
468	436	580	388	687.6	0
726.6666667	804	808	568	845.2	0
830.6666667	836	788	868	790.8	0
894.6666667	904	892	888	894.4	0
834.6666667	828	836	840	831.6	0
753.3333333	776	756	728	763.6	0
602.6666667	708	420	680	473.6	1
936	944	952	912	963.6	0
454.6666667	504	516	344	540.8	1
696	752	512	824	740.8	1
444	356	528	448	456	1
848	856	840	848	839.6	0
397.3333333	380	396	416	400.8	1
734.6666667	736	740	728	717.6	0
389.3333333	420	412	336	467.2	1
756	796	736	736	761.6	0
332	372	316	308	357.6	1
885.3333333	884	880	892	882	0
534.6666667	476	632	496	480.8	1
656	900	588	480	603.2	1
912	912	924	900	908.8	0
432	428	500	368	390.8	1
904	904	896	912	908.8	0
902.6666667	904	904	900	903.2	0
509.3333333	608	404	516	412	1
362.6666667	364	412	312	416.8	1
844	856	836	840	846.4	0
864	828	868	896	864.4	0
354.6666667	312	420	332	617.2	1
776	780	780	768	816	0
870.6666667	896	860	856	863.2	0
393.3333333	348	484	348	441.6	1
964	948	976	968	973.6	0
692	736	600	740	765.2	1
442.6666667	432	464	432	422.8	1
454.6666667	448	356	560	396.8	1
909.3333333	932	888	908	911.2	0
452	464	472	420	449.6	1
377.3333333	336	392	404	347.2	1
833.3333333	844	864	792	832.8	0
452	484	436	436	445.6	1
813.3333333	796	840	804	898.4	0
453.3333333	592	364	404	427.6	1
416	500	336	412	452	1
785.3333333	728	1004	624	830.4	1
890.6666667	888	900	884	889.6	0
924	932	916	924	927.2	0
914.6666667	720	1160	864	845.2	1
372	324	432	360	464.4	1
908	912	920	892	911.2	0
778.6666667	836	812	688	827.6	1
846.6666667	816	840	884	791.6	1
824	824	820	828	857.2	0
928	1040	1060	684	861.2	1
920	924	908	928	926	0
873.3333333	888	852	880	850.8	0
853.3333333	852	864	844	853.2	0
818.6666667	828	808	820	812.4	0
474.6666667	524	536	364	521.2	1
1022.666667	968	912	1188	866	1
366.6666667	376	344	380	405.6	1
784	808	864	680	862.8	1
869.3333333	868	868	872	868.4	0
334.6666667	396	316	292	401.2	1
917.3333333	928	912	912	918	0
1045.333333	1036	1056	1044	974.8	1
1021.333333	1020	1012	1032	996	0
916	912	912	924	908.8	0
480	656	480	304	688.4	1
892	888	904	884	898.4	0
386.6666667	324	300	536	364.4	1
841.3333333	848	900	776	812	0
505.3333333	508	652	356	466	1
454.6666667	344	384	636	517.6	1
330.6666667	292	384	316	390	1
805.3333333	804	784	828	811.6	0
824	824	824	824	828	0
828	832	832	820	800.8	0
880	880	876	884	854.8	0
1073.333333	1084	1056	1080	948.4	0
973.3333333	976	976	968	978.8	0
729.3333333	824	856	508	784.8	1
920	920	932	908	922.4	0
325.3333333	388	304	284	430.8	1
345.3333333	332	388	316	447.6	1
353.3333333	480	244	336	408.4	1
354.6666667	408	308	348	330.4	1
869.3333333	856	884	868	884.8	0
441.3333333	432	484	408	488.8	1
794.6666667	812	784	788	782	0
537.3333333	360	520	732	458	1
846.6666667	848	852	840	856.4	0
517.3333333	392	560	600	458.4	1
946.6666667	940	940	960	932	0
814.6666667	816	804	824	810.8	0
816	820	796	832	806.8	0
824	816	832	824	659.2	0
1040	1040	984	1096	1006.8	0
821.3333333	812	828	824	804	0
873.3333333	876	872	872	850	0
416	364	532	352	497.2	1
385.3333333	432	324	400	452	1
452	496	476	384	470.8	1
850.6666667	1004	820	728	816.8	1
474.6666667	412	500	512	453.6	1
608	728	548	548	732.8	1
910.6666667	920	904	908	912	0
481.3333333	488	612	344	497.6	1
513.3333333	440	560	540	542	1
585.3333333	536	696	524	510.8	1
913.3333333	912	924	904	916.4	0
933.3333333	912	944	944	948	0
494.6666667	456	576	452	451.2	1
846.6666667	844	856	840	842	0
448	536	476	332	440	1
933.3333333	916	952	932	932.4	0
356	344	380	344	476	1
706.6666667	1020	252	848	662.8	0
409.3333333	424	380	424	475.2	0
541.3333333	552	580	492	662.4	1
330.6666667	384	292	316	398.4	1
785.3333333	800	768	788	792	0
424	444	444	384	552	1
533.3333333	672	428	500	441.6	1
482.6666667	408	440	600	486	1
508	448	576	500	456.4	1
456	352	500	516	454.4	1
806.6666667	804	812	804	816	0
481.3333333	476	432	536	429.2	1
884	864	900	888	886.8	0
409.3333333	436	308	484	461.2	1
936	908	972	928	955.2	0
437.3333333	536	444	332	492.4	1
326.6666667	388	332	260	456.4	1
380	336	448	356	459.2	1
816	820	820	808	819.2	0
388	272	288	604	394.8	1
432	460	480	356	448.8	1
557.3333333	480	536	656	498.8	1
870.6666667	1172	628	812	828	1
860	860	864	856	859.6	0
444	300	444	588	388	1
926.6666667	916	948	916	915.6	0
836	840	836	832	841.6	0
462.6666667	480	428	480	428.4	1
440	448	348	524	462	1
892	1060	576	1040	828	1
758.6666667	764	772	740	849.2	0
360	408	292	380	363.2	1
825.3333333	820	840	816	839.2	0
956	952	956	960	958	0
461.3333333	356	480	548	388	1
641.3333333	576	536	812	730	1
764	760	768	764	773.6	0
893.3333333	880	876	924	804	0
812	816	808	812	816.4	0
925.3333333	932	940	904	916	0
358.6666667	328	384	364	449.6	1
904	896	916	900	912.4	0
721.3333333	1044	532	588	737.2	1
896	896	908	884	894.8	0
494.6666667	576	460	448	444	1
692	532	500	1044	783.2	1
380	412	348	380	490.4	1
382.6666667	268	376	504	464.8	1
929.3333333	932	920	936	929.2	0
345.3333333	476	284	276	429.6	1
524	512	544	516	789.2	1
425.3333333	532	316	428	431.6	1
520	456	604	500	367.6	1
497.3333333	468	540	484	442.4	1
820	784	824	852	820.4	0
828	828	840	816	858.8	0
726.6666667	940	728	512	618.8	0
476	452	564	412	435.6	1
898.6666667	908	896	892	900	0
829.3333333	832	824	832	845.2	0
786.6666667	752	960	648	796	1
822.6666667	820	824	824	831.2	0
800	800	792	808	788	0
853.3333333	860	852	848	864.8	0
328	340	360	284	439.2	1
925.3333333	944	932	900	982.4	0
1038.666667	1020	1048	1048	1057.2	0
445.3333333	520	456	360	454	1
968	972	984	948	975.6	0
377.3333333	316	344	472	418	1
989.3333333	948	1048	972	838.8	0
546.6666667	512	660	468	449.6	1
558.6666667	432	776	468	477.2	1
765.3333333	804	724	768	756	1
837.3333333	868	832	812	831.2	0
386.6666667	480	324	356	378.4	1
785.3333333	816	784	756	786	0
849.3333333	684	1040	824	902.8	1
818.6666667	832	804	820	836.8	0
888	892	888	884	929.6	0
896	892	896	900	911.6	0
928	948	924	912	895.6	0
849.3333333	844	848	856	846.8	0
372	356	388	372	452.8	1
684	844	724	484	606.4	1
442.6666667	360	616	352	524	1
437.3333333	384	472	456	472	1
1096	928	1208	1152	852.8	0
898.6666667	880	932	884	918.4	0
416	492	332	424	458	1
706.6666667	892	620	608	786.4	1
814.6666667	808	812	824	826.8	0
428	540	364	380	450.8	1
702.6666667	696	508	904	692.4	0
786.6666667	780	780	800	785.2	0
377.3333333	384	300	448	406.4	1
814.6666667	816	828	800	865.2	0
782.6666667	624	728	996	841.6	1
832	1180	664	652	762	1
692	780	652	644	816	1
440	536	340	444	486.8	1
709.3333333	896	668	564	824.4	1
582.6666667	560	748	440	536.8	1
458.6666667	460	332	584	516.4	1
553.3333333	504	628	528	448.4	1
414.6666667	388	500	356	490.8	1
830.6666667	828	836	828	827.6	0
885.3333333	980	744	932	905.2	1
814.6666667	816	804	824	810.4	0
430.6666667	492	372	428	357.2	1
884	888	868	896	892	0
926.6666667	924	920	936	930.4	0
926.6666667	912	924	944	931.6	0
930.6666667	932	932	928	900.8	0
409.3333333	316	448	464	393.6	1
544	496	452	684	554.4	1
414.6666667	420	328	496	560.8	1
904	1232	516	964	498	1
866.6666667	872	872	856	861.6	0
905.3333333	920	908	888	916.4	0
600	712	388	700	470	1
320	312	348	300	349.6	1
429.3333333	460	468	360	448.4	1
425.3333333	400	392	484	469.2	1
836	872	800	836	836.8	0
446.6666667	484	532	324	544.8	1
580	472	520	748	580	1
902.6666667	904	888	916	894	0
665.3333333	840	600	556	554.4	1
933.3333333	928	928	944	938	0
934.6666667	916	960	928	942.4	0
492	660	384	432	458.4	1
797.3333333	796	796	800	793.2	0
956	856	1232	780	835.2	1
840	840	816	864	861.2	0
856	852	868	848	848.8	0
813.3333333	808	824	808	809.6	0
506.6666667	576	496	448	429.6	1
925.3333333	936	916	924	916.4	0
773.3333333	748	788	784	785.2	0
622.6666667	672	520	676	500.8	1
918.6666667	912	920	924	920.4	0
680	512	952	576	722.8	1
622.6666667	660	652	556	714.4	1
484	460	476	516	473.6	1
860	860	856	864	863.2	0
792	664	608	1104	712.8	1
874.6666667	864	876	884	902.8	0
652	524	772	660	700.4	0
925.3333333	928	908	940	904	0
860	856	852	872	849.2	0
942.6666667	948	948	932	941.6	0
862.6666667	832	900	856	855.2	0
661.3333333	668	808	508	669.6	1
737.3333333	872	556	784	708.4	1
812	812	816	808	811.6	0
825.3333333	832	820	824	830.8	0
846.6666667	832	860	848	901.6	0
840	828	868	824	836.8	0
806.6666667	820	824	776	821.2	0
364	408	388	296	403.2	1
768	768	700	836	738	1
976	956	984	988	984	0
424	396	404	472	437.6	1
514.6666667	464	480	600	422.4	1
864	868	844	880	858.8	0
926.6666667	996	860	924	908.4	0
892	888	896	892	912	0
849.3333333	848	856	844	839.2	0
480	424	592	424	409.6	1
354.6666667	344	344	376	438.4	1
376	352	312	464	412	1
336	352	260	396	349.6	1
418.6666667	448	384	424	412.8	1
382.6666667	328	396	424	404.4	1
448	360	456	528	404	1
846.6666667	876	864	800	816.4	0
738.6666667	980	632	604	929.6	1
892	900	904	872	896.4	0
842.6666667	844	836	848	838	0
978.6666667	984	960	992	966.4	0
416	304	296	648	347.2	1
386.6666667	452	356	352	404.4	1
921.3333333	940	916	908	923.6	0
960	968	960	952	924.8	0
950.6666667	940	960	952	938.4	0
924	912	920	940	922.8	0
762.6666667	768	764	756	766	0
861.3333333	764	912	908	906	0
694.6666667	768	904	412	777.2	1
968	976	968	960	969.2	0
872	880	872	864	846.8	0
405.3333333	368	460	388	441.2	1
428	388	440	456	437.2	1
336	284	340	384	397.6	1
1052	1064	1056	1036	1059.2	0
721.3333333	556	952	656	625.6	1
837.3333333	840	844	828	838.4	0
901.3333333	892	904	908	904	0
345.3333333	336	328	372	375.6	1
484	492	416	544	448.4	1
1085.333333	944	1456	856	912.4	0
788	908	584	872	828	1
718.6666667	540	972	644	545.2	1
318.6666667	284	384	288	488.4	1
948	948	948	948	945.6	0
854.6666667	856	896	812	854.4	0
933.3333333	940	932	928	928	0
366.6666667	488	324	288	362	1
840	844	836	840	857.2	0
937.3333333	928	936	948	936.8	0
850.6666667	860	840	852	837.2	0
878.6666667	896	876	864	851.2	0
906.6666667	864	1048	808	899.6	1
856	860	860	848	858	0
900	896	904	900	950.4	0
982.6666667	952	1012	984	994	0
722.6666667	724	724	720	726.4	0
450.6666667	528	428	396	428	1
841.3333333	880	812	832	725.6	0
416	612	344	292	362.8	1
897.3333333	908	896	888	910.8	0
894.6666667	896	896	892	836	0
810.6666667	824	820	788	819.2	0
922.6666667	928	936	904	938	0
328	272	304	408	388.8	1
444	516	420	396	456.8	1
737.3333333	840	840	532	790.4	0
457.3333333	516	356	500	510.4	1
856	860	844	864	847.6	0
944	948	940	944	998.8	0
897.3333333	896	916	880	894.4	0
905.3333333	904	900	912	909.6	0
850.6666667	1076	548	928	716.4	1
474.6666667	512	560	352	425.6	1
496	376	672	440	437.6	1
936	916	944	948	907.6	0
556	608	556	504	414.8	1
541.3333333	412	432	780	496.4	1
378.6666667	356	352	428	630.8	1
865.3333333	876	852	868	864	0
465.3333333	504	548	344	415.2	1
834.6666667	796	840	868	831.6	0
444	620	424	288	375.2	1
356	324	428	316	649.6	1
1182.666667	1168	1224	1156	1171.6	0
496	548	480	460	398	1
502.6666667	448	696	364	494.8	1
736	756	932	520	872.8	1
962.6666667	940	984	964	936	0
434.6666667	356	508	440	453.6	1
873.3333333	868	864	888	860.8	0
389.3333333	316	368	484	374.8	1
754.6666667	544	1032	688	907.6	1
512	532	436	568	569.6	1
906.6666667	980	976	764	784.4	1
968	972	968	964	960.4	0
882.6666667	884	892	872	887.6	0
468	444	468	492	469.2	1
900	904	900	896	897.6	0
333.3333333	396	276	328	392.4	1
922.6666667	928	904	936	926.8	0
909.3333333	900	920	908	935.2	0
301.3333333	304	284	316	410	1
518.6666667	404	552	600	504.4	1
930.6666667	944	936	912	947.6	0
461.3333333	384	492	508	516	1
397.3333333	368	364	460	421.6	1
394.6666667	448	372	364	451.2	1
408	464	356	404	432.4	1
602.6666667	680	708	420	488.4	1
845.3333333	844	832	860	847.2	0
334.6666667	316	276	412	352.4	1
482.6666667	484	452	512	458.4	1
840	836	840	844	844	0
928	928	952	904	941.2	0
846.6666667	1232	644	664	670	1
436	388	572	348	650.4	1
901.3333333	900	900	904	901.2	0
412	380	424	432	405.2	1
482.6666667	468	488	492	488	1
693.3333333	952	540	588	554	1
925.3333333	920	936	920	924	0
814.6666667	492	996	956	788.4	1
824	828	820	824	814	0
937.3333333	936	920	956	947.6	0
498.6666667	524	456	516	406.4	1
438.6666667	244	592	480	445.6	1
460	360	500	520	454.8	1
418.6666667	424	364	468	453.6	1
793.3333333	776	816	788	782.4	0
708	644	848	632	960.4	1
382.6666667	432	364	352	387.6	1
889.3333333	872	908	888	858.8	1
882.6666667	896	892	860	925.2	0
361.3333333	360	324	400	450	1
920	908	928	924	934	0
941.3333333	944	924	956	932	0
657.3333333	400	360	1212	442	1
430.6666667	436	340	516	520	1
929.3333333	928	912	948	942	0
1249.333333	1124	1488	1136	829.2	1
772	772	784	760	787.6	0
918.6666667	908	928	920	924	0
472	508	600	308	458	1
884	876	892	884	891.2	0
792	788	792	796	794.8	0
422.6666667	384	520	364	411.2	1
365.3333333	344	472	280	409.6	1
373.3333333	448	312	360	388.8	1
828	828	832	824	832.8	0
864	864	864	864	861.6	0
826.6666667	828	820	832	814.8	0
390.6666667	320	428	424	419.2	1
458.6666667	500	496	380	472	1
884	896	880	876	894.8	0
898.6666667	904	880	912	896	0
544	692	628	312	436.8	1
902.6666667	892	916	900	897.6	0
912	920	904	912	900.8	0
909.3333333	916	896	916	903.2	0
618.6666667	784	512	560	633.6	1
340	344	360	316	414	1
580	804	480	456	620	1
321.3333333	320	312	332	486.8	1
860	884	844	852	850	0
688	652	752	660	722.8	1
354.6666667	316	320	428	457.2	1
408	348	380	496	427.6	1
797.3333333	796	792	804	798.8	0
393.3333333	496	320	364	504	1
788	600	640	1124	766.4	1
385.3333333	396	420	340	499.2	1
914.6666667	924	908	912	871.2	0
345.3333333	280	344	412	402	1
800	804	800	796	810.8	0
642.6666667	500	780	648	700	0
1345.333333	268	2832	936	2032	0
882.6666667	884	884	880	877.2	0
457.3333333	496	348	528	402	1
889.3333333	892	884	892	883.6	0
393.3333333	332	348	500	736.4	1
934.6666667	916	948	940	948	0
393.3333333	516	316	348	543.2	1
904	916	896	900	900.4	0
556	628	424	616	392.4	1
856	864	848	856	849.2	0
390.6666667	448	392	332	482.8	1
878.6666667	1032	696	908	939.2	1
986.6666667	996	996	968	979.2	0
822.6666667	820	836	812	830.8	0
942.6666667	948	940	940	947.2	0
522.6666667	472	632	464	432	1
930.6666667	932	916	944	923.2	0
898.6666667	896	912	888	908.4	0
786.6666667	776	776	808	778.8	0
846.6666667	848	836	856	760	0
618.6666667	676	344	836	506.8	1
896	908	872	908	874	0
365.3333333	300	320	476	442.4	1
869.3333333	868	872	868	867.2	0
814.6666667	812	820	812	818.8	0
366.6666667	376	368	356	601.2	1
421.3333333	604	272	388	375.2	1
922.6666667	932	916	920	889.6	0
389.3333333	268	480	420	402.4	1
454.6666667	436	396	532	603.2	1
482.6666667	568	408	472	441.6	1
888	888	876	900	897.6	0
906.6666667	916	904	900	917.2	0
468	512	412	480	444.8	1
861.3333333	860	876	848	920.8	0
474.6666667	560	352	512	420.8	1
420	380	516	364	429.2	1
909.3333333	836	768	1124	748.4	1
492	420	348	708	489.6	1
873.3333333	884	864	872	873.2	0
350.6666667	348	376	328	398.4	1
766.6666667	728	772	800	769.6	0
964	976	960	956	919.6	0
392	336	420	420	433.2	1
438.6666667	436	560	320	393.2	1
881.3333333	884	872	888	877.6	0
992	992	1000	984	974.8	0
854.6666667	864	868	832	868	0
377.3333333	472	316	344	430.4	1
888	892	884	888	894	0
834.6666667	836	836	832	826	0
766.6666667	824	752	724	747.2	1
850.6666667	844	864	844	847.2	0
870.6666667	864	868	880	869.6	0
830.6666667	828	828	836	836.8	0
430.6666667	336	456	500	455.6	1
976	980	972	976	966.4	0
460	436	524	420	413.2	1
398.6666667	368	480	348	508.4	1
721.3333333	716	728	720	726.8	0
756	752	760	756	763.2	0
617.3333333	556	696	600	508	1
850.6666667	900	680	972	848	1
457.3333333	608	320	444	364	1
934.6666667	940	936	928	927.2	0
836	832	848	828	851.2	0
792	796	800	780	764.4	0
401.3333333	364	356	484	479.6	1
874.6666667	872	876	876	862.8	0
836	848	852	808	849.6	0
786.6666667	784	772	804	768.4	0
921.3333333	896	932	936	908	0
804	812	764	836	809.6	1
594.6666667	500	760	524	482.4	1
873.3333333	856	896	868	892.8	0
848	860	824	860	858	0
302.6666667	332	288	288	383.2	1
828	828	832	824	818.4	0
806.6666667	800	796	824	786.8	0
902.6666667	900	904	904	902.8	0
386.6666667	428	324	408	384.8	1
912	912	904	920	908.8	0
465.3333333	636	344	416	489.2	1
933.3333333	936	932	932	914	0
452	288	620	448	369.6	1
460	488	424	468	484.8	1
420	272	668	320	492.4	1
906.6666667	896	936	888	935.2	0
713.3333333	836	868	436	916.4	0
817.3333333	816	816	820	809.6	0
282.6666667	296	276	276	345.2	1
441.3333333	620	428	276	360	1
773.3333333	864	672	784	853.6	1
973.3333333	976	960	984	966	0
940	944	944	932	934.8	0
837.3333333	804	848	860	839.2	0
860	712	1024	844	927.2	1
814.6666667	860	784	800	828.8	0
506.6666667	544	492	484	506	1
450.6666667	444	608	300	393.6	1
724	724	724	724	727.6	0
389.3333333	420	352	396	407.2	1
394.6666667	312	376	496	486	1
930.6666667	924	940	928	925.6	0
892	892	892	892	930.4	0
745.3333333	752	736	748	765.2	0
913.3333333	920	896	924	907.2	0
902.6666667	892	892	924	922.8	0
445.3333333	344	380	612	361.6	1
896	900	888	900	894.4	0
632	628	484	784	464.8	1
713.3333333	968	588	584	727.6	1
830.6666667	876	820	796	827.6	0
836	848	844	816	852.8	0
902.6666667	900	900	908	902.8	0
900	908	908	884	899.6	0
872	868	896	852	854	0
937.3333333	940	932	940	942.8	0
548	472	756	416	588	1
925.3333333	932	912	932	930.4	0
805.3333333	812	808	796	727.2	0
890.6666667	896	884	892	881.6	0
840	844	832	844	831.2	0
353.3333333	380	360	320	380.8	1
333.3333333	360	312	328	415.6	1
290.6666667	292	284	296	494.4	1
661.3333333	664	664	656	674.4	0
576	528	824	376	722	0
438.6666667	360	372	584	436.8	1
481.3333333	508	384	552	504.4	1
469.3333333	348	516	544	508.8	1
598.6666667	540	652	604	751.6	1
492	652	316	508	445.6	1
916	996	624	1128	832	1
668	520	840	644	1040.4	1
837.3333333	836	836	840	836.4	0
900	916	904	880	916.8	0
822.6666667	828	816	824	811.6	0
490.6666667	424	688	360	473.2	1
964	976	960	956	956	0
477.3333333	480	548	404	812.4	1
829.3333333	832	832	824	832.8	0
877.3333333	880	884	868	872.4	0
893.3333333	892	896	892	912	0
846.6666667	848	840	852	852.8	0
437.3333333	464	408	440	455.2	1
906.6666667	724	792	1204	888.4	1
914.6666667	924	904	916	918.4	0
822.6666667	800	840	828	834.8	0
964	972	948	972	970	0
888	896	892	876	892.4	0
408	440	432	352	342.4	1
548	616	628	400	420.4	1
925.3333333	928	932	916	922.8	0
357.3333333	404	376	292	352	1
960	952	976	952	958	0
449.3333333	652	304	392	477.2	1
936	948	944	916	966.4	0
526.6666667	608	384	588	432.8	1
970.6666667	952	964	996	952	0
484	412	676	364	415.2	1
833.3333333	840	836	824	838.4	0
856	736	928	904	765.6	1
774.6666667	724	756	844	619.6	1
430.6666667	348	436	508	454.4	1
1242.666667	1624	944	1160	678.8	1
960	960	964	956	929.6	0
368	380	400	324	415.2	1
982.6666667	980	988	980	980.8	0
826.6666667	820	824	836	820	0
833.3333333	840	832	828	838	0
912	924	916	896	918.4	0
408	368	336	520	382.4	1
909.3333333	916	908	904	909.2	0
632	340	404	1152	411.6	1
408	304	288	632	323.2	1
1002.666667	1240	876	892	887.2	0
376	388	384	356	468	1
425.3333333	404	480	392	742.4	1
494.6666667	608	312	564	445.2	1
601.3333333	608	532	664	720.8	1
516	364	752	432	604.8	1
776	752	920	656	875.2	1
877.3333333	872	872	888	887.2	0
364	376	436	280	422.8	1
826.6666667	828	832	820	834.8	0
874.6666667	584	1104	936	722.8	1
864	672	1056	864	860.8	1
902.6666667	888	904	916	897.6	0
832	832	844	820	843.6	0
868	888	844	872	887.2	0
844	848	844	840	849.6	0
981.3333333	880	1072	992	847.2	1
861.3333333	864	864	856	857.6	0
441.3333333	500	440	384	439.6	1
932	924	948	924	935.6	0
732	728	728	740	719.2	0
944	948	928	956	961.2	0
420	532	364	364	497.6	1
314.6666667	380	276	288	332.4	1
321.3333333	236	280	448	472.8	1
912	912	912	912	908.8	0
370.6666667	384	444	284	501.2	1
898.6666667	896	888	912	912	0
841.3333333	840	840	844	847.2	0
526.6666667	500	548	532	822	1
541.3333333	464	440	720	524.4	1
945.3333333	940	944	952	941.2	0
861.3333333	860	864	860	942.4	0
464	604	284	504	412	1
629.3333333	624	708	556	543.6	1
458.6666667	468	440	468	457.2	1
924	920	980	872	755.6	0
356	280	368	420	380.8	1
853.3333333	728	720	1112	800.4	1
900	896	916	888	900	0
489.3333333	572	332	564	419.2	1
353.3333333	364	352	344	360	1
552	348	828	480	756	1
737.3333333	684	668	860	714	1
902.6666667	888	920	900	906.4	0
426.6666667	412	412	456	444.8	1
550.6666667	476	344	832	790.4	0
773.3333333	504	472	1344	463.2	1
421.3333333	436	480	348	450.4	1
736	796	856	556	828.8	0
352	352	312	392	340.4	1
848	1080	396	1068	569.6	1
392	336	480	360	416.4	1
384	424	348	380	338	1
340	336	332	352	470	1
288	260	252	352	355.6	1
790.6666667	788	808	776	857.6	0
836	804	836	868	839.2	0
922.6666667	932	912	924	922.8	0
828	832	812	840	840.4	0
990.6666667	996	976	1000	992.8	0
342.6666667	332	280	416	350.8	1
482.6666667	572	428	448	378	1
858.6666667	856	868	852	867.6	0
337.3333333	380	284	348	414.4	1
877.3333333	872	888	872	870	0
898.6666667	904	896	896	896	0
590.6666667	468	860	444	556.8	1
321.3333333	312	328	324	412.8	1
813.3333333	804	808	828	811.2	0
886.6666667	880	892	888	920	0
385.3333333	392	340	424	404.4	1
833.3333333	832	816	852	820.4	0
444	324	480	528	453.6	1
1240	1220	1224	1276	1242.8	0
605.3333333	640	576	600	809.6	1
929.3333333	928	932	928	940.8	0
356	404	340	324	406.8	1
392	348	348	480	402	1
445.3333333	600	376	360	393.6	1
396	464	324	400	366.4	1
828	824	828	832	827.2	0
510.6666667	632	424	476	461.6	1
449.3333333	500	332	516	684.4	1
588	360	332	1072	384	1
390.6666667	360	436	376	497.6	1
836	840	820	848	827.2	0
838.6666667	844	836	836	854	0
857.3333333	856	872	844	840.4	0
385.3333333	436	364	356	452	1
409.3333333	428	484	316	471.2	1
876	876	864	888	878	0
416	396	416	436	618.8	1
736	904	536	768	777.2	1
605.3333333	668	484	664	620.4	1
430.6666667	456	456	380	450.8	1
850.6666667	856	848	848	848.4	0
834.6666667	836	832	836	835.6	0
334.6666667	292	320	392	375.2	1
978.6666667	1008	984	944	957.2	0
450.6666667	472	376	504	453.2	1
902.6666667	908	880	920	875.6	0
314.6666667	292	324	328	367.6	1
930.6666667	924	932	936	938.8	0
830.6666667	860	796	836	828.8	0
921.3333333	920	932	912	922	0
446.6666667	448	520	372	458.8	1
428	340	428	516	446.4	1
385.3333333	356	348	452	410.4	1
914.6666667	920	912	912	918	0
916	908	912	928	911.6	0
405.3333333	312	520	384	395.2	1
394.6666667	408	460	316	470.8	1
746.6666667	852	580	808	657.6	1
917.3333333	912	912	928	899.6	0
342.6666667	436	276	316	425.2	1
356	332	372	364	423.2	1
373.3333333	392	404	324	442	1
505.3333333	496	312	708	480.8	1
481.3333333	528	360	556	403.6	1
820	836	832	792	841.2	0
852	892	812	852	850	0
337.3333333	352	284	376	403.6	1
385.3333333	356	348	452	419.2	1
840	836	828	856	828	0
861.3333333	860	856	868	851.2	0
928	932	916	936	894.8	0
884	892	876	884	888.8	0
665.3333333	712	564	720	812.8	1
852	860	848	848	840.4	0
356	372	356	340	436.8	1
493.3333333	356	572	552	492	1
549.3333333	456	636	556	711.6	1
870.6666667	880	876	856	848.4	0
886.6666667	880	888	892	916.8	0
845.3333333	840	836	860	842.8	0
546.6666667	740	432	468	483.2	1
754.6666667	812	644	808	824.8	1
905.3333333	900	920	896	906.8	0
404	396	296	520	411.2	1
382.6666667	392	404	352	460.8	1
453.3333333	360	352	648	401.2	1
734.6666667	652	800	752	694	1
444	320	516	496	505.2	1
882.6666667	880	868	900	885.6	0
910.6666667	584	1240	908	860.4	1
886.6666667	880	884	896	902.4	0
325.3333333	368	308	300	349.6	1
557.3333333	412	620	640	389.6	1
885.3333333	860	896	900	874.8	0
486.6666667	492	552	416	649.2	1
781.3333333	780	764	800	844.8	0
900	912	892	896	899.2	0
894.6666667	900	888	896	917.2	0
410.6666667	456	388	388	444.8	1
713.3333333	720	704	716	716.4	0
392	340	444	392	418.4	1
752	816	544	896	582	0
338.6666667	384	312	320	386	1
845.3333333	844	848	844	854.4	0
966.6666667	864	936	1100	830	1
342.6666667	340	368	320	462.8	1
818.6666667	820	824	812	820.4	0
849.3333333	848	884	816	850.4	0
918.6666667	916	924	916	923.6	0
381.3333333	340	456	348	458	1
1138.666667	1160	1096	1160	1186	0
892	900	872	904	885.2	0
894.6666667	892	888	904	909.6	0
813.3333333	816	812	812	808.8	0
881.3333333	900	856	888	872	0
517.3333333	412	768	372	762.8	1
466.6666667	460	480	460	556.4	1
944	952	948	932	928.8	0
729.3333333	692	728	768	733.2	0
657.3333333	464	568	940	838	1
428	464	388	432	528	1
825.3333333	832	824	820	825.2	0
836	832	840	836	824	0
849.3333333	848	844	856	834	0
892	928	876	872	870.4	0
521.3333333	464	424	676	475.2	1
862.6666667	860	872	856	918.8	0
725.3333333	748	504	924	709.2	0
990.6666667	952	956	1064	883.6	0
382.6666667	316	436	396	430.4	1
849.3333333	848	852	848	849.2	0
785.3333333	784	788	784	788.4	0
832	832	828	836	831.6	0
888	884	900	880	884.4	0
424	468	344	460	435.2	1
658.6666667	488	1084	404	806.8	1
906.6666667	896	912	912	911.6	0
777.3333333	600	908	824	773.6	1
332	324	388	284	432.8	1
472	524	380	512	502.4	1
813.3333333	588	952	900	601.6	1
492	484	364	628	456.8	1
889.3333333	880	892	896	904.8	0
378.6666667	380	424	332	339.6	1
876	908	856	864	861.2	0
517.3333333	632	448	472	404.8	1
840	840	844	836	839.6	0
446.6666667	488	472	380	412	1
893.3333333	896	900	884	892.8	0
822.6666667	820	824	824	832	0
274.6666667	252	312	260	359.2	1
834.6666667	832	836	836	831.2	0
828	824	808	852	808	0
998.6666667	1020	940	1036	719.6	0
354.6666667	408	344	312	364.4	1
288	276	292	296	365.6	1
318.6666667	380	296	280	352	1
346.6666667	352	332	356	389.6	1
348	348	340	356	439.2	1
889.3333333	892	880	896	855.6	0
282.6666667	288	288	272	395.6	1
853.3333333	860	848	852	849.2	0
837.3333333	832	836	844	837.2	0
312	288	316	332	390.4	1
918.6666667	912	904	940	898.4	0
484	576	480	396	529.2	1
762.6666667	772	764	752	763.6	0
852	820	880	856	764.4	0
1001.333333	1012	1008	984	991.2	0
774.6666667	728	1032	564	852.4	1
888	892	892	880	895.6	0
877.3333333	872	876	884	884.8	0
394.6666667	416	456	312	417.6	1
460	400	616	364	421.2	1
862.6666667	852	848	888	846	0
390.6666667	380	304	488	388.8	1
342.6666667	304	408	316	462.4	1
738.6666667	780	816	620	815.2	1
848	852	824	868	822.4	0
1042.666667	1036	1020	1072	1044	0
1252	1240	1240	1276	934.8	0
877.3333333	880	876	876	864.8	0
902.6666667	900	884	924	858.8	0
888	876	884	904	909.6	0
977.3333333	952	1000	980	954.8	0
944	948	932	952	955.2	0
918.6666667	916	916	924	883.6	0
466.6666667	528	324	548	429.6	1
918.6666667	924	936	896	946.8	0
902.6666667	904	888	916	902.8	0
830.6666667	832	824	836	820.8	0
509.3333333	424	472	632	465.6	1
509.3333333	484	696	348	426	1
762.6666667	760	768	760	844	0
668	504	1160	340	592	1
416	332	368	548	756.4	1
361.3333333	328	336	420	626	1
408	424	448	352	426	1
833.3333333	828	824	848	840.8	0
885.3333333	888	888	880	889.2	0
821.3333333	828	808	828	812.8	0
920	924	924	912	917.2	0
902.6666667	900	892	916	896.8	0
845.3333333	812	840	884	846.4	0
666.6666667	560	784	656	663.6	1
900	896	900	904	901.2	0
784	784	776	792	781.6	0
904	904	912	896	890.8	0
912	904	912	920	894.4	0
954.6666667	964	948	952	980.4	0
909.3333333	892	920	916	927.2	0
320	276	368	316	371.6	1
818.6666667	824	816	816	814.8	0
916	924	908	916	904.4	0
817.3333333	820	820	812	812.8	0
340	312	284	424	369.2	1
476	452	628	348	497.6	1
810.6666667	816	836	780	813.2	0
804	1240	588	584	832	1
728	1160	520	504	562	1
916	920	912	916	919.2	0
494.6666667	492	572	420	652.8	1
822.6666667	816	848	804	814.4	0
841.3333333	840	844	840	842	0
557.3333333	600	404	668	509.6	1
902.6666667	900	916	892	903.6	0
858.6666667	856	876	844	860.4	0
460	488	372	520	634.8	1
482.6666667	480	508	460	561.2	1
470.6666667	400	304	708	446	1
902.6666667	908	876	924	898.8	0
530.6666667	504	568	520	479.2	1
585.3333333	600	556	600	518.4	1
376	348	424	356	414.4	1
837.3333333	840	828	844	837.2	0
489.3333333	584	460	424	510	1
901.3333333	896	912	896	910.8	0
869.3333333	876	848	884	866.4	0
381.3333333	344	396	404	443.6	1
636	644	688	576	849.2	1
830.6666667	784	840	868	842.4	0
818.6666667	812	820	824	822.8	0
906.6666667	912	904	904	904	0
862.6666667	844	892	852	849.2	0
857.3333333	860	852	860	858.8	0
749.3333333	888	812	548	812.8	1
869.3333333	860	868	880	871.2	0
916	928	912	908	914	0
882.6666667	880	900	868	884.8	0
422.6666667	348	472	448	463.6	1
828	824	832	828	830.4	0
560	720	464	496	522	1
896	904	900	884	885.6	0
697.3333333	888	688	516	752.8	0
905.3333333	908	916	892	908.4	0
833.3333333	824	860	816	834	0
804	720	860	832	810	1
404	452	444	316	561.2	1
848	836	840	868	854.4	0
758.6666667	768	752	756	756	0
841.3333333	848	844	832	844.8	0
906.6666667	904	920	896	920	0
936	924	936	948	946.8	0
964	944	976	972	965.6	0
812	848	780	808	820.4	0
912	920	908	908	902.8	0
854.6666667	844	864	856	882.4	0
1186.666667	1208	1232	1120	1178.4	0
624	548	596	728	753.2	1
909.3333333	924	904	900	900.8	0
465.3333333	560	400	436	369.6	1
597.3333333	644	540	608	553.6	1
480	716	320	404	367.2	1
610.6666667	656	480	696	480	1
968	992	880	1032	855.2	1
417.3333333	308	508	436	465.6	1
556	416	896	356	732.4	1
409.3333333	372	364	492	349.6	1
973.3333333	980	988	952	972.4	0
452	516	340	500	448.8	1
925.3333333	912	932	932	935.2	0
546.6666667	776	540	324	437.6	1
913.3333333	920	920	900	938	0
841.3333333	808	860	856	872.8	0
473.3333333	480	480	460	435.6	1
814.6666667	824	828	792	807.6	0
402.6666667	464	324	420	415.6	1
900	896	908	896	899.6	0
885.3333333	884	880	892	870.8	0
510.6666667	444	332	756	511.2	1
565.3333333	676	464	556	479.2	1
909.3333333	920	912	896	880	0
904	888	908	916	873.6	0
541.3333333	564	304	756	546.8	1
528	652	628	304	439.2	1
468	408	428	568	448	1
373.3333333	440	376	304	442.4	1
957.3333333	976	968	928	970.4	0
770.6666667	780	760	772	815.2	0
430.6666667	496	420	376	511.6	1
380	404	344	392	445.2	1
893.3333333	892	904	884	922	0
458.6666667	480	460	436	432	1
444	468	432	432	484.4	1
700	596	956	548	789.6	1
552	348	588	720	367.6	1
937.3333333	944	936	932	916	0
798.6666667	576	760	1060	870.8	1
728	480	900	804	617.6	1
753.3333333	544	884	832	821.6	1
858.6666667	860	860	856	876.4	0
836	836	832	840	836.4	0
914.6666667	912	864	968	900.8	0
849.3333333	844	856	848	850	0
385.3333333	384	428	344	412	1
969.3333333	980	964	964	962.4	0
945.3333333	956	944	936	920	0
830.6666667	828	836	828	827.6	0
874.6666667	976	692	956	767.2	1
360	376	340	364	374.8	1
761.3333333	744	768	772	770	0
722.6666667	520	488	1160	595.6	1
857.3333333	860	872	840	873.2	0
853.3333333	860	856	844	848.8	0
334.6666667	308	288	408	364.4	1
885.3333333	868	852	936	915.6	0
864	856	864	872	892.4	0
817.3333333	816	808	828	827.6	0
821.3333333	908	956	600	770.8	1
836	836	828	844	839.2	0
862.6666667	864	876	848	878.4	0
744	728	748	756	742.4	0
978.6666667	992	888	1056	821.2	1
962.6666667	972	948	968	967.2	0
840	840	840	840	838.8	0
814.6666667	816	836	792	826.8	0
532	568	564	464	845.6	1
814.6666667	816	820	808	734	0
374.6666667	344	416	364	396.4	1
780	860	684	796	717.2	1
849.3333333	884	816	848	848	0
506.6666667	428	564	528	429.6	1
430.6666667	392	452	448	489.2	1
468	404	524	476	477.2	1
408	444	440	340	417.2	1
744	652	800	780	834	1
542.6666667	616	352	660	468	1
905.3333333	912	908	896	900.8	0
910.6666667	904	912	916	910	0
393.3333333	360	480	340	468.8	1
417.3333333	384	556	312	365.6	1
849.3333333	844	856	848	882.8	0
1324	780	1444	1748	866.4	1
716	620	688	840	821.6	1
856	868	848	852	860.4	0
676	548	840	640	710.8	0
790.6666667	652	1180	540	745.6	1
917.3333333	896	916	940	917.6	0
428	344	488	452	495.2	1
472	604	356	456	336.8	1
424	392	472	408	448.4	1
416	396	444	408	372.8	1
380	436	344	360	544.4	1
841.3333333	836	856	832	851.2	0
898.6666667	892	900	904	918.8	0
402.6666667	376	360	472	456.8	1
892	892	888	896	901.6	0
436	424	420	464	464.8	1
345.3333333	404	336	296	337.6	1
868	872	880	852	884.4	0
881.3333333	868	884	892	920.4	0
966.6666667	976	972	952	968.8	0
413.3333333	556	300	384	349.6	1
689.3333333	680	704	684	460	1
389.3333333	420	464	284	431.2	1
572	460	680	576	436.4	1
924	920	920	932	916.4	0
930.6666667	932	928	932	928.4	0
401.3333333	304	284	616	330.8	1
877.3333333	876	872	884	874	0
926.6666667	928	928	924	942.8	0
926.6666667	924	936	920	920.4	0
956	956	928	984	948.8	0
396	360	448	380	381.2	1
812	804	808	824	809.2	0
458.6666667	524	448	404	464	1
388	364	376	424	466	1
617.3333333	536	740	576	793.6	1
545.3333333	468	740	428	503.2	1
378.6666667	428	340	368	356.4	1
880	880	904	856	835.6	1
896	628	988	1072	816.4	1
805.3333333	808	804	804	796.4	0
869.3333333	860	880	868	872.4	0
904	908	900	904	871.6	0
736	736	736	736	744	0
498.6666667	452	488	556	399.2	1
906.6666667	1056	992	672	844.8	1
397.3333333	412	468	312	439.2	1
920	924	916	920	908	0
874.6666667	872	844	908	879.2	0
1038.666667	1096	992	1028	960.4	0
868	876	856	872	860.8	0
937.3333333	956	924	932	935.2	0
412	256	360	620	392	1
758.6666667	528	804	944	632.8	1
617.3333333	748	532	572	483.2	1
562.6666667	544	484	660	606	1
914.6666667	928	920	896	914	0
896	900	904	884	887.6	0
446.6666667	344	504	492	432.4	1
313.3333333	312	276	352	346.8	1
600	744	632	424	495.6	1
316	372	292	284	382.8	1
322.6666667	296	336	336	382.8	1
410.6666667	360	332	540	490.8	1
488	552	508	404	503.6	1
857.3333333	804	900	868	833.6	0
673.3333333	1084	420	516	432.4	1
858.6666667	872	840	864	848	0
957.3333333	964	960	948	950.8	0
801.3333333	788	804	812	872.8	0
902.6666667	916	896	896	899.2	0
469.3333333	548	356	504	392.4	1
433.3333333	492	428	380	497.6	1
813.3333333	820	792	828	798	0
1133.333333	1096	1160	1144	1120.8	0
913.3333333	924	916	900	916.8	0
825.3333333	832	820	824	821.2	0
894.6666667	884	892	908	910	0
866.6666667	1172	684	744	637.2	1
374.6666667	312	384	428	370	1
904	896	904	912	914.4	0
834.6666667	836	840	828	864	0
380	364	344	432	385.2	1
813.3333333	816	808	816	802.4	0
932	936	936	924	938.8	0
884	876	888	888	888	0
492	600	412	464	430.4	0
362.6666667	396	352	340	355.6	1
778.6666667	740	792	804	768	0
840	852	832	836	842.8	0
872	852	884	880	896	0
404	368	512	332	809.2	1
854.6666667	864	848	852	837.2	0
398.6666667	404	400	392	459.6	1
393.3333333	388	416	376	396	1
344	320	384	328	390.8	1
436	288	392	628	453.6	1
833.3333333	840	816	844	795.2	0
944	948	940	944	950.4	0
797.3333333	736	1124	532	751.6	1
385.3333333	288	332	536	390.8	1
306.6666667	280	328	312	337.6	1
912	912	900	924	915.6	0
401.3333333	456	412	336	450.4	1
881.3333333	828	988	828	834.8	0
788	944	604	816	893.6	1
449.3333333	440	468	440	487.6	1
741.3333333	780	856	588	844	1
820	816	828	816	833.2	0
630.6666667	512	620	760	488	1
1057.333333	1016	1108	1048	1112.4	0
606.6666667	512	524	784	644.8	1
852	852	852	852	873.6	0
554.6666667	620	576	468	696.8	1
840	844	836	840	842.8	0
418.6666667	480	348	428	402.8	1
933.3333333	1232	712	856	792.4	1
941.3333333	936	960	928	983.6	0
822.6666667	820	820	828	824.8	0
920	932	936	892	944	0
861.3333333	868	864	852	862.4	0
465.3333333	568	348	480	364.4	1
538.6666667	668	676	272	491.6	1
865.3333333	860	864	872	868	0
922.6666667	932	912	924	921.6	0
889.3333333	876	908	884	901.2	0
394.6666667	532	280	372	449.2	1
357.3333333	336	340	396	403.2	1
358.6666667	416	332	328	351.6	1
872	868	884	864	878	0
386.6666667	384	464	312	541.2	1
902.6666667	904	904	900	906.8	0
873.3333333	880	896	844	884	0
489.3333333	348	708	412	488.4	1
561.3333333	488	668	528	498.8	1
350.6666667	320	272	460	481.2	1
802.6666667	780	768	860	775.2	1
857.3333333	904	864	804	775.2	1
909.3333333	912	896	920	921.6	0
904	916	896	900	895.2	0
861.3333333	864	848	872	880	0
906.6666667	912	900	908	968	0
417.3333333	480	332	440	504.8	1
920	920	916	924	885.2	0
837.3333333	828	832	852	826.8	0
637.3333333	496	720	696	542	1
938.6666667	940	932	944	923.6	0
372	312	356	448	411.2	1
857.3333333	856	864	852	861.6	0
834.6666667	836	864	804	844.8	0
422.6666667	384	496	388	474.8	1
924	928	924	920	928.8	0
753.3333333	800	808	652	726.4	1
360	296	316	468	348	1
849.3333333	884	852	812	839.6	0
825.3333333	840	800	836	848.8	0
800	828	824	748	826.4	0
864	872	852	868	842.4	0
869.3333333	872	868	868	864	0
388	340	396	428	356	1
452	464	452	440	438.4	1
784	724	824	804	767.6	1
933.3333333	940	924	936	932	0
345.3333333	272	332	432	350	1
737.3333333	688	544	980	854.4	1
868	920	932	752	861.2	1
466.6666667	524	500	376	482.8	1
792	788	788	800	817.2	0
864	892	848	852	860.8	0
385.3333333	368	412	376	645.6	1
368	332	312	460	597.2	1
856	784	872	912	738	1
322.6666667	328	292	348	369.6	1
404	312	648	252	370.4	1
882.6666667	884	888	876	880	0
832	832	832	832	837.6	0
590.6666667	360	572	840	575.2	1
745.3333333	516	488	1232	490.8	1
456	472	512	384	452.8	1
942.6666667	944	948	936	960.4	0
472	516	512	388	758.4	1
853.3333333	856	856	848	876.4	0
832	828	836	832	817.2	0
428	536	324	424	341.6	1
906.6666667	912	892	916	902	0
866.6666667	868	872	860	865.6	0
829.3333333	836	860	792	826.4	0
925.3333333	916	920	940	903.6	0
948	940	940	964	895.2	0
900	896	900	904	906.8	0
894.6666667	896	892	896	881.2	0
824	820	828	824	827.2	0
873.3333333	744	896	980	926	1
658.6666667	664	656	656	658.4	0
362.6666667	288	488	312	378.4	1
868	868	864	872	860	0
894.6666667	900	892	892	897.2	0
766.6666667	608	812	880	757.6	1
337.3333333	368	368	276	366	1
730.6666667	648	752	792	818	1
664	804	660	528	616	1
370.6666667	364	380	368	421.2	1
485.3333333	548	528	380	437.2	1
637.3333333	484	916	512	885.2	1
904	908	916	888	906.4	0
866.6666667	876	864	860	858.4	0
405.3333333	436	328	452	530.4	1
486.6666667	416	424	620	425.2	1
448	428	296	620	346.4	1
528	476	448	660	417.2	1
301.3333333	316	292	296	360.4	1
868	868	860	876	859.6	0
870.6666667	872	860	880	868.8	0
940	928	932	960	937.2	0
976	1024	1004	900	984.4	0
526.6666667	424	536	620	361.2	1
852	844	864	848	866	0
377.3333333	368	468	296	438.8	1
889.3333333	1076	824	768	745.2	1
860	888	856	836	859.6	0
757.3333333	752	732	788	756.8	0
508	456	588	480	458.8	1
966.6666667	952	988	960	990.4	0
701.3333333	944	616	544	615.2	0
925.3333333	940	928	908	938	0
890.6666667	872	896	904	886.8	0
936	936	900	972	914.8	0
888	896	880	888	883.6	0
460	468	468	444	458.4	1
416	364	448	436	463.6	1
716	712	716	720	719.2	0
809.3333333	816	788	824	766.8	0
425.3333333	304	408	564	573.6	1
893.3333333	900	884	896	881.6	0
380	376	496	268	474.4	1
362.6666667	388	368	332	444.4	1
684	512	848	692	668.4	0
913.3333333	912	924	904	912.4	0
913.3333333	928	924	888	878.4	0
648	476	708	760	473.2	1
637.3333333	664	668	580	631.2	1
894.6666667	896	884	904	886.8	0
876	884	868	876	862	0
349.3333333	300	368	380	348.4	1
898.6666667	892	900	904	892	0
660	660	664	656	663.2	0
985.3333333	976	1004	976	964.4	0
466.6666667	384	464	552	427.6	0
796	768	796	824	798.4	0
406.6666667	348	452	420	506.8	1
829.3333333	828	832	828	831.6	0
930.6666667	920	928	944	926.4	0
977.3333333	992	964	976	993.6	0
981.3333333	912	1132	900	883.6	0
861.3333333	1212	400	972	438	1
825.3333333	820	832	824	836	0
818.6666667	832	828	796	828	0
386.6666667	592	324	244	449.2	1
904	908	908	896	905.2	0
828	788	848	848	814.4	0
417.3333333	380	500	372	446.8	1
390.6666667	336	416	420	471.2	1
856	892	824	852	857.2	0
818.6666667	820	816	820	932.8	0
340	392	292	336	342.8	1
449.3333333	356	388	604	334.4	1
476	332	760	336	544	1
322.6666667	284	372	312	376	1
1078.666667	1084	1108	1044	1064.4	0
870.6666667	868	860	884	902	0
858.6666667	840	872	864	854.4	0
866.6666667	924	660	1016	816	1
726.6666667	720	728	732	722.4	0
534.6666667	692	452	460	422	1
412	400	432	404	461.6	1
838.6666667	836	836	844	840.4	0
870.6666667	880	868	864	905.2	0
458.6666667	484	460	432	482.8	1
1281.333333	1160	1624	1060	791.2	0
536	692	548	368	668	1
717.3333333	716	716	720	717.6	0
752	584	904	768	799.6	1
976	948	960	1020	890	0
434.6666667	380	472	452	432.4	1
804	800	800	812	812	0
913.3333333	924	924	892	914.4	0
921.3333333	920	916	928	924.8	0
328	312	296	376	387.6	1
392	468	296	412	343.6	1
645.3333333	648	644	644	646.8	0
857.3333333	628	772	1172	837.2	1
352	356	372	328	376	1
914.6666667	916	908	920	912.8	0
458.6666667	500	488	388	475.2	1
865.3333333	864	884	848	850.4	0
897.3333333	908	900	884	908.4	0
821.3333333	820	820	824	820.4	0
340	368	304	348	392.8	1
560	640	468	572	654.4	1
909.3333333	896	904	928	923.2	0
894.6666667	896	912	876	899.6	0
932	936	924	936	951.2	0
829.3333333	828	836	824	833.2	0
764	660	708	924	843.6	1
537.3333333	540	508	564	723.6	1
550.6666667	740	384	528	461.2	1
393.3333333	536	260	384	446.8	1
436	360	600	348	407.2	1
338.6666667	284	352	380	402.4	1
745.3333333	644	780	812	818	1
853.3333333	848	864	848	848.8	0
833.3333333	840	824	836	831.6	0
333.3333333	336	296	368	382	1
933.3333333	952	916	932	960	0
909.3333333	912	904	912	887.6	0
321.3333333	284	400	280	512	1
928	932	916	936	919.6	0
290.6666667	312	288	272	378.8	1
760	736	768	776	770.8	0
774.6666667	592	1344	388	550	1
878.6666667	1092	712	832	842.8	1
365.3333333	364	332	400	407.2	1
865.3333333	876	872	848	864.4	0
422.6666667	280	592	396	418.4	1
852	844	860	852	856	0
866.6666667	868	876	856	859.2	0
893.3333333	896	900	884	889.6	0
470.6666667	508	600	304	499.6	1
369.3333333	368	372	368	365.6	1
393.3333333	484	340	356	462.4	1
450.6666667	404	476	472	447.6	1
824	828	808	836	804.4	0
861.3333333	864	868	852	862.8	0
792	788	788	800	834.4	0
936	940	944	924	924	0
934.6666667	948	936	920	945.2	0
416	356	436	456	440.8	1
714.6666667	512	880	752	773.2	1
836	840	828	840	828	0
549.3333333	464	840	344	573.6	1
853.3333333	856	856	848	857.6	0
972	976	972	968	963.2	0
382.6666667	288	464	396	416	1
1005.333333	672	1748	596	945.6	1
408	356	420	448	398.8	1
762.6666667	824	600	864	782.4	1
960	976	964	940	954.4	0
893.3333333	900	880	900	888	0
796	808	808	772	809.6	0
885.3333333	880	872	904	894	0
972	988	976	952	958.8	0
480	492	488	460	736.8	0
454.6666667	512	484	368	846	1
494.6666667	480	348	656	715.2	1
382.6666667	420	336	392	435.6	1
1192	696	1848	1032	946.8	1
750.6666667	816	644	792	953.6	1
766.6666667	868	816	616	875.6	1
360	344	360	376	388	1
400	376	364	460	508.8	1
360	336	448	296	384.8	1
465.3333333	348	616	432	358.4	1
849.3333333	848	840	860	842.8	0
909.3333333	896	912	920	905.2	0
660	644	520	816	1038	1
381.3333333	432	272	440	339.6	1
898.6666667	896	912	888	890	0
448	304	652	388	441.6	1
853.3333333	876	816	868	808.4	0
904	912	904	896	891.6	0
885.3333333	888	864	904	878.4	0
786.6666667	788	784	788	789.2	0
437.3333333	484	400	428	472	1
389.3333333	356	452	360	426.4	1
408	400	488	336	631.2	1
834.6666667	836	836	832	839.6	0
852	764	980	812	797.6	1
905.3333333	908	900	908	901.6	0
620	508	668	684	646.4	1
440	360	532	428	742.8	1
821.3333333	832	832	800	847.2	0
478.6666667	324	624	488	368.4	1
410.6666667	508	316	408	427.2	1
756	860	688	720	820	1
908	904	940	880	817.6	1
930.6666667	932	940	920	928.4	0
916	912	916	920	892.8	0
342.6666667	392	352	284	337.2	1
417.3333333	384	416	452	429.2	1
862.6666667	860	868	860	861.6	0
368	348	368	388	462.4	1
854.6666667	856	856	852	852.8	0
836	844	824	840	823.2	0
1113.333333	1068	1140	1132	1120	0
892	896	892	888	890.4	0
900	756	980	964	910	1
438.6666667	500	484	332	441.6	1
936	948	940	920	932.4	0
336	288	284	436	459.2	1
828	828	828	828	832.8	0
884	888	884	880	883.6	0
708	816	520	788	742	0
677.3333333	736	352	944	412	1
846.6666667	864	860	816	856.4	0
445.3333333	420	440	476	492.8	1
714.6666667	788	796	560	801.2	0
884	884	876	892	862.4	0
962.6666667	912	1008	968	882.4	1
945.3333333	948	932	956	961.2	0
353.3333333	296	368	396	427.6	1
824	824	832	816	830	0
552	612	556	488	496.4	1
401.3333333	360	420	424	376	1
905.3333333	912	896	908	897.6	0
585.3333333	668	600	488	506.4	1
344	332	348	352	391.6	1
396	364	440	384	608.4	0
1249.333333	1240	1244	1264	1180.8	0
785.3333333	980	688	688	846.4	1
584	720	664	368	418	1
446.6666667	572	408	360	608.8	1
396	388	444	356	448	1
961.3333333	976	952	956	965.2	0
884	896	884	872	878.8	0
862.6666667	856	860	872	864	0
880	888	872	880	889.2	0
553.3333333	660	616	384	486.8	1
966.6666667	992	956	952	970	0
944	932	980	920	912.4	1
837.3333333	844	844	824	799.2	0
429.3333333	340	504	444	554	1
473.3333333	584	360	476	422.8	1
938.6666667	944	916	956	942.4	0
432	440	356	500	442	1
914.6666667	716	1048	980	941.6	1
868	868	872	864	863.6	0
812	820	824	792	816	0
873.3333333	876	880	864	871.6	0
817.3333333	804	820	828	824.4	0
370.6666667	376	388	348	390.8	1
606.6666667	656	552	612	812	1
845.3333333	856	852	828	863.2	0
441.3333333	348	408	568	374	1
917.3333333	912	912	928	948.4	0
845.3333333	848	848	840	849.2	0
814.6666667	808	816	820	816.8	0
834.6666667	836	864	804	833.2	0
497.3333333	544	492	456	462.8	1
889.3333333	896	888	884	888.4	0
813.3333333	824	812	804	817.2	0
838.6666667	840	832	844	835.6	0
484	404	592	456	435.6	1
565.3333333	700	712	284	503.2	1
472	500	536	380	440	1
401.3333333	452	384	368	374.4	1
397.3333333	372	412	408	712.4	1
373.3333333	316	388	416	416.8	1
914.6666667	924	896	924	908.4	0
509.3333333	568	424	536	481.2	1
878.6666667	712	832	1092	887.6	1
416	372	544	332	426.8	1
845.3333333	836	852	848	856	0
397.3333333	360	460	372	452.4	1
893.3333333	900	880	900	892	0
828	824	836	824	830	0
938.6666667	948	928	940	871.6	0
922.6666667	928	912	928	918.4	0
910.6666667	900	912	920	888.4	0
458.6666667	480	432	464	416	1
842.6666667	1112	728	688	814.8	1
888	900	892	872	910.4	0
769.3333333	940	464	904	802.8	1
457.3333333	396	576	400	539.6	1
900	888	920	892	887.6	0
409.3333333	424	424	380	405.6	1
869.3333333	872	852	884	850.8	0
796	1072	360	956	377.2	1
894.6666667	912	900	872	936	0
836	716	536	1256	638	0
886.6666667	888	876	896	880.4	0
1113.333333	1100	1204	1036	1265.6	0
758.6666667	720	616	940	846	1
508	452	380	692	425.2	1
881.3333333	876	888	880	883.6	0
816	808	824	816	854.4	0
506.6666667	508	532	480	603.2	1
938.6666667	928	940	948	933.2	0
841.3333333	836	852	836	839.6	0
734.6666667	732	736	736	741.2	0
402.6666667	336	464	408	834.8	1
730.6666667	724	728	740	712	0
425.3333333	472	316	488	418	1
485.3333333	516	436	504	524.8	1
882.6666667	876	896	876	878.4	0
820	816	820	824	824	0
864	868	860	864	866.4	0
430.6666667	276	620	396	394.4	1
904	908	900	904	871.2	0
354.6666667	372	336	356	373.2	1
497.3333333	536	476	480	479.6	1
498.6666667	420	680	396	517.2	1
816	828	832	788	833.2	0
492	400	652	424	411.6	1
1141.333333	1124	1164	1136	1118	0
360	468	312	300	409.2	1
490.6666667	580	420	472	448.4	1
898.6666667	904	888	904	904.8	0
788	784	864	716	842	1
321.3333333	288	368	308	366	1
897.3333333	896	896	900	899.6	0
726.6666667	720	732	728	728	0
576	468	620	640	661.6	1
917.3333333	920	936	896	947.2	0
377.3333333	324	380	428	417.2	1
389.3333333	528	328	312	364.8	1
446.6666667	364	400	576	432.8	1
948	944	940	960	938	0
868	872	868	864	861.2	0
874.6666667	888	888	848	890.8	0
344	288	424	320	373.2	1
889.3333333	876	880	912	871.2	0
834.6666667	824	824	856	846.4	0
344	332	340	360	529.2	1
394.6666667	260	388	536	456.4	1
845.3333333	840	840	856	842.4	0
724	564	896	712	860.8	1
397.3333333	332	368	492	480.4	1
905.3333333	912	908	896	918	0
841.3333333	836	840	848	844.4	0
833.3333333	828	836	836	834	0
1117.333333	1084	1140	1128	1127.2	0
986.6666667	976	988	996	988.4	0
854.6666667	860	844	860	864.8	0
717.3333333	432	516	1204	529.2	1
817.3333333	816	812	824	822	0
669.3333333	660	544	804	606.4	1
898.6666667	900	896	900	894	0
941.3333333	944	936	944	944.8	0
461.3333333	532	492	360	777.2	1
1042.666667	1096	1032	1000	1020	0
825.3333333	828	848	800	825.2	0
812	816	812	808	724.4	1
369.3333333	356	388	364	480.4	1
456	500	516	352	453.2	1
605.3333333	372	756	688	518.4	1
917.3333333	908	928	916	913.6	0
814.6666667	824	812	808	816.4	0
896	820	864	1004	816.4	1
830.6666667	832	820	840	826.8	0
904	916	896	900	898.8	0
938.6666667	948	924	944	939.6	0
938.6666667	948	936	932	936.4	0
829.3333333	828	840	820	827.6	0
434.6666667	284	608	412	401.6	1
833.3333333	644	624	1232	643.2	1
489.3333333	368	396	704	436.4	1
677.3333333	676	676	680	685.2	0
841.3333333	832	852	840	849.2	0
908	912	932	880	910.8	0
896	900	896	892	890.4	0
429.3333333	620	256	412	355.6	1
396	352	512	324	409.6	1
377.3333333	340	308	484	476.4	1
893.3333333	896	904	880	889.6	0
914.6666667	916	900	928	914.4	0
889.3333333	888	904	876	900.4	0
776	776	776	776	792.4	0
458.6666667	352	432	592	396	1
609.3333333	528	740	560	492.8	1
884	880	884	888	889.6	0
837.3333333	836	832	844	838.4	0
908	912	908	904	902.4	0
466.6666667	628	360	412	378.8	1
472	320	380	716	381.2	1
917.3333333	908	928	916	929.6	0
1029.333333	1076	1040	972	1053.2	0
840	828	876	816	894	0
438.6666667	364	524	428	467.6	1
452	332	536	488	459.6	1
881.3333333	876	900	868	894	0
882.6666667	888	868	892	880	0
856	824	884	860	849.6	0
514.6666667	388	688	468	519.2	1
844	848	840	844	844.4	0
958.6666667	960	964	952	951.2	0
889.3333333	872	900	896	907.2	0
842.6666667	876	752	900	882.8	0
617.3333333	600	516	736	772	1
798.6666667	896	756	744	897.6	1
489.3333333	540	460	468	434	1
936	944	936	928	930.4	0
776	808	852	668	647.6	1
610.6666667	676	672	484	530	1
882.6666667	860	892	896	879.6	0
886.6666667	888	892	880	912.8	0
330.6666667	280	380	332	351.2	1
852	852	852	852	835.2	0
737.3333333	700	744	768	734.8	1
698.6666667	656	752	688	775.6	1
940	944	944	932	936	0
906.6666667	916	896	908	898	0
913.3333333	908	920	912	912.4	0
512	528	504	504	461.6	1
940	920	960	940	936.4	0
793.3333333	644	872	864	808.8	0
941.3333333	948	936	940	920.4	0
914.6666667	916	916	912	912.4	0
662.6666667	800	512	676	736.4	1
861.3333333	860	872	852	854.4	0
846.6666667	856	844	840	832.4	0
476	368	720	340	457.6	1
425.3333333	284	700	292	506	1
846.6666667	444	1020	1076	1037.6	0
842.6666667	604	980	944	926	1
433.3333333	452	384	464	437.2	1
810.6666667	800	808	824	806	0
820	1124	600	736	738.4	1
785.3333333	812	748	796	780.8	0
564	408	508	776	441.6	1
340	328	356	336	380	1
576	632	352	744	525.6	1
482.6666667	520	456	472	575.2	1
756	756	760	752	760	0
848	664	1100	780	881.6	1
410.6666667	464	316	452	397.2	1
601.3333333	344	784	676	508.4	1
836	832	840	836	848.4	0
1029.333333	960	976	1152	740	1
878.6666667	880	880	876	881.6	0
830.6666667	840	836	816	811.6	0
366.6666667	348	328	424	342	1
385.3333333	316	324	516	597.2	1
694.6666667	800	632	652	863.2	1
466.6666667	304	656	440	680.8	1
809.3333333	796	808	824	798	0
744	740	728	764	720.4	0
345.3333333	300	412	324	358.4	1
824	828	836	808	848.8	0
496	436	500	552	397.2	1
532	452	464	680	401.6	1
884	872	892	888	884.8	0
409.3333333	432	400	396	674.4	1
862.6666667	1132	824	632	841.2	1
917.3333333	924	900	928	911.6	0
430.6666667	432	380	480	404.4	1
904	896	904	912	909.6	0
853.3333333	876	844	840	844.8	0
550.6666667	448	572	632	398.8	1
389.3333333	412	388	368	686	1
878.6666667	900	868	868	853.6	0
908	916	900	908	902.4	0
880	876	872	892	864	0
398.6666667	396	420	380	399.2	1
837.3333333	804	848	860	842.4	0
432	308	396	592	394	1
502.6666667	516	560	432	513.2	1
506.6666667	476	584	460	428.8	1
826.6666667	828	808	844	832.4	0
770.6666667	716	784	812	827.2	1
958.6666667	944	960	972	965.6	0
890.6666667	1032	912	728	853.6	1
914.6666667	920	924	900	922.8	0
482.6666667	536	288	624	357.6	1
373.3333333	476	300	344	418	1
358.6666667	416	316	344	401.2	1
869.3333333	888	876	844	863.2	0
833.3333333	744	908	848	953.2	1
825.3333333	988	860	628	778.4	1
588	500	568	696	622	1
885.3333333	884	888	884	898.8	0
870.6666667	876	864	872	870	0
1016	1024	1008	1016	980	0
881.3333333	884	880	880	880	0
404	372	352	488	685.2	1
1044	1444	908	780	793.6	1
921.3333333	932	896	936	928.8	0
1157.333333	1848	928	696	840	1
789.3333333	1032	472	864	461.6	1
360	400	396	284	522.4	1
452	492	456	408	456.8	1
304	284	324	304	406	1
849.3333333	848	844	856	845.6	0
869.3333333	888	908	812	904.8	0
849.3333333	868	852	828	841.6	0
730.6666667	608	892	692	817.2	1
801.3333333	804	812	788	831.2	0
368	296	424	384	542.8	1
841.3333333	844	864	816	908.4	0
684	680	500	872	448.8	1
841.3333333	852	832	840	841.6	0
854.6666667	860	860	844	855.2	0
868	876	868	860	857.6	0
838.6666667	836	844	836	838	0
552	636	564	456	704.8	1
734.6666667	812	576	816	713.2	1
348	360	388	296	411.6	1
720	720	712	728	825.2	1
486.6666667	440	600	420	482	1
364	352	332	408	383.6	1
752	756	760	740	756	0
877.3333333	884	860	888	874	0
337.3333333	328	356	328	374	1
558.6666667	628	396	652	412.4	1
362.6666667	424	328	336	399.2	1
850.6666667	844	856	852	859.2	0
938.6666667	928	932	956	908	0
828	832	832	820	825.6	0
452	496	360	500	474	1
390.6666667	460	304	408	459.6	1
897.3333333	880	896	916	909.2	0
818.6666667	816	812	828	806.4	0
813.3333333	824	812	804	817.2	0
908	892	924	908	913.6	0
830.6666667	836	824	832	829.6	0
984	992	996	964	988	0
821.3333333	860	776	828	818.8	0
601.3333333	696	552	556	472.8	1
1204	1208	1176	1228	1181.2	0
940	920	968	932	970.8	0
902.6666667	896	912	900	903.6	0
933.3333333	1048	888	864	866	1
968	1208	856	840	849.2	0
428	428	516	340	670	0
912	908	928	900	920.4	0
429.3333333	424	568	296	552.4	1
738.6666667	780	664	772	836.8	1
853.3333333	840	840	880	843.2	0
836	832	808	868	841.6	0
934.6666667	924	928	952	921.6	0
868	876	868	860	880	0
936	936	928	944	930.4	0
328	332	380	272	348	1
381.3333333	408	432	304	475.2	1
821.3333333	816	820	828	831.6	0
494.6666667	516	540	428	670.4	0
825.3333333	820	828	828	843.2	0
398.6666667	456	324	416	411.6	1
805.3333333	804	808	804	810	0
936	888	872	1048	863.6	1
901.3333333	900	900	904	870	0
421.3333333	404	464	396	432.8	1
432	524	348	424	447.6	1
820	804	828	828	814.4	0
624	484	844	544	608.4	1
806.6666667	804	804	812	810	0
405.3333333	372	484	360	424.8	1
816	788	832	828	827.2	0
920	920	924	916	935.6	0
437.3333333	524	352	436	400.8	1
1225.333333	1228	1252	1196	1174.4	0
524	548	332	692	700.8	1
832	836	832	828	835.2	0
438.6666667	284	428	604	445.2	1
357.3333333	324	284	464	422.8	1
570.6666667	384	668	660	460	1
469.3333333	432	516	460	468	1
826.6666667	836	824	820	828.8	0
533.3333333	572	640	388	654	1
933.3333333	932	960	908	952.4	0
377.3333333	552	240	340	401.2	1
514.6666667	556	528	460	414	1
1280	1380	1212	1248	1195.2	0
912	928	912	896	912.4	0
882.6666667	892	872	884	884.8	0
860	1072	628	880	791.2	1
370.6666667	388	364	360	414.4	1
466.6666667	472	484	444	542.4	1
405.3333333	380	488	348	418	1
821.3333333	824	828	812	834.4	0
776	740	812	776	780.4	0
741.3333333	684	680	860	472	1
825.3333333	824	828	824	835.2	0
413.3333333	608	348	284	381.2	1
520	504	604	452	425.2	1
464	504	424	464	455.2	1
330.6666667	304	416	272	389.6	1
461.3333333	488	380	516	475.2	1
438.6666667	452	368	496	598.4	1
432	468	388	440	514.8	1
517.3333333	504	608	440	430.8	1
384	356	484	312	445.2	1
834.6666667	832	844	828	837.2	0
398.6666667	288	620	288	398.8	1
506.6666667	500	660	360	452	1
336	320	412	276	350.8	1
940	968	948	904	929.6	0
333.3333333	344	364	292	367.2	1
785.3333333	864	852	640	875.2	0
433.3333333	420	456	424	465.6	1
850.6666667	852	844	856	851.6	0
338.6666667	296	408	312	411.6	1
870.6666667	880	876	856	920	0
878.6666667	880	872	884	847.6	0
774.6666667	828	836	660	834	0
876	888	872	868	866	0
492	392	652	432	489.6	1
349.3333333	380	376	292	405.6	1
484	672	380	400	347.6	1
825.3333333	1124	836	516	774	1
770.6666667	688	980	644	866.4	1
388	340	420	404	406.4	1
802.6666667	808	792	808	827.2	0
437.3333333	452	504	356	429.6	1
362.6666667	416	368	304	400	1
394.6666667	472	284	428	441.6	1
881.3333333	1204	432	1008	527.6	1
740	856	840	524	843.6	0
716	508	808	832	742.4	0
450.6666667	520	384	448	446.8	1
850.6666667	872	840	840	828.8	0
350.6666667	284	296	472	453.2	1
554.6666667	840	360	464	531.6	1
366.6666667	436	288	376	426	1
481.3333333	388	592	464	573.2	1
876	868	904	856	1014	0
1188	1180	1144	1240	1166	0
902.6666667	976	772	960	723.6	1
840	848	828	844	816.4	0
832	836	832	828	837.6	0
913.3333333	912	892	936	908.8	0
576	528	512	688	487.6	1
916	920	904	924	916.4	0
1042.666667	1056	1036	1036	947.2	1
836	832	840	836	838	0
1074.666667	1032	1100	1092	957.6	0
824	952	612	908	783.2	1
381.3333333	304	440	400	452.8	1
981.3333333	968	996	980	992.8	0
646.6666667	420	436	1084	423.2	1
428	420	348	516	482.8	1
396	240	396	552	408.4	1
956	940	960	968	959.6	0
413.3333333	360	360	520	428.8	1
925.3333333	952	908	916	930.4	0
340	292	404	324	363.6	1
890.6666667	896	884	892	880.4	0
829.3333333	832	824	832	818.4	0
622.6666667	512	684	672	493.6	1
450.6666667	388	456	508	454.4	1
424	392	452	428	449.6	1
892	892	904	880	891.2	0
918.6666667	924	920	912	917.2	0
860	876	832	872	848.4	0
928	924	928	932	930.4	0
454.6666667	468	512	384	447.6	1
738.6666667	812	796	608	742.4	1
837.3333333	840	844	828	837.2	0
888	872	896	896	878	0
1002.666667	928	1056	1024	853.6	0
569.3333333	576	512	620	731.6	1
377.3333333	388	428	316	412	1
470.6666667	544	516	352	609.2	1
856	856	860	852	847.6	0
829.3333333	832	836	820	834.8	0
900	900	896	904	909.6	0
525.3333333	424	584	568	517.2	1
909.3333333	908	908	912	904.4	0
749.3333333	744	760	744	802.4	0
434.6666667	416	492	396	643.6	1
880	868	888	884	894.8	0
416	352	336	560	454	1
962.6666667	972	972	944	960.4	0
878.6666667	880	888	868	881.2	0
830.6666667	840	828	824	818.8	0
844	840	848	844	836.8	0
414.6666667	472	380	392	440.8	1
893.3333333	892	892	896	894	0
832	832	840	824	836	0
353.3333333	368	412	280	397.6	1
460	456	404	520	440.8	1
529.3333333	564	572	452	428.8	1
848	840	876	828	832	0
388	352	452	360	411.2	1
361.3333333	404	340	340	402.4	1
477.3333333	380	548	504	450.8	1
881.3333333	888	880	876	875.2	0
978.6666667	980	932	1024	978	0
466.6666667	652	348	400	384.8	1
426.6666667	480	432	368	535.6	1
464	500	456	436	375.2	1
648	648	648	648	634.8	0
860	824	856	900	860.4	0
845.3333333	824	856	856	848.4	0
496	424	492	572	467.2	1
433.3333333	452	456	392	450	1
468	556	452	396	409.6	1
824	1048	708	716	949.2	1
546.6666667	696	496	448	475.6	1
893.3333333	896	880	904	857.2	0
788	772	784	808	820.8	0
392	484	320	372	430.4	1
842.6666667	848	836	844	839.2	0
388	464	412	288	404	1
337.3333333	340	296	376	394	1
986.6666667	988	988	984	981.2	0
410.6666667	420	520	292	445.6	1
428	472	372	440	434.4	1
746.6666667	776	776	688	765.6	0
468	376	524	504	486.8	1
882.6666667	880	880	888	890.8	0
374.6666667	356	416	352	703.2	1
565.3333333	500	516	680	481.6	1
937.3333333	944	948	920	938.8	0
722.6666667	832	544	792	778.4	1
868	852	872	880	869.2	0
461.3333333	440	480	464	517.6	1
849.3333333	840	852	856	856.4	0
1066.666667	1748	780	672	846.4	1
396	276	476	436	451.2	1
782.6666667	744	788	816	786.8	0
413.3333333	528	356	356	475.2	1
885.3333333	896	876	884	877.2	0
904	900	916	896	918	0
844	880	816	836	848	0
464	464	472	456	446.4	1
426.6666667	428	464	388	412.8	1
512	500	528	508	408.8	1
456	336	332	700	520.8	1
378.6666667	380	412	344	472.8	1
425.3333333	412	452	412	442.4	1
414.6666667	328	328	588	346.8	1
578.6666667	760	476	500	469.6	1
464	452	504	436	452.4	1
905.3333333	900	904	912	908.4	0
372	340	440	336	399.6	1
932	928	944	924	934	0
897.3333333	904	900	888	896.8	0
462.6666667	384	660	344	514.8	1
414.6666667	396	424	424	377.6	1
468	332	500	572	449.2	1
853.3333333	876	832	852	842.4	0
714.6666667	688	836	620	813.2	1
457.3333333	404	516	452	450.4	1
440	456	544	320	472.4	1
625.3333333	532	736	608	722	1
856	844	868	856	863.6	0
576	404	716	608	402.4	1
921.3333333	920	912	932	928	0
892	888	908	880	902	0
1190.666667	1232	1160	1180	1087.2	0
850.6666667	856	844	852	854.8	0
757.3333333	728	792	752	758.8	0
818.6666667	812	828	816	827.2	0
889.3333333	904	896	868	866	0
336	448	236	324	454	1
680	600	600	840	539.2	1
512	548	508	480	825.6	1
624	508	824	540	776	1
869.3333333	868	888	852	866	0
440	444	340	536	494.4	1
841.3333333	832	848	844	849.6	0
333.3333333	328	360	312	412.4	1
620	564	728	568	841.2	1
577.3333333	456	756	520	606.4	1
845.3333333	880	820	836	836.8	0
780	768	784	788	752.8	0
880	916	788	936	772.4	1
573.3333333	488	732	500	476.8	1
430.6666667	444	460	388	446.4	1
400	520	368	312	384	1
910.6666667	916	924	892	921.6	0
381.3333333	312	408	424	374	1
829.3333333	792	836	860	834	0
889.3333333	896	872	900	865.2	0
933.3333333	928	936	936	930.4	0
846.6666667	848	848	844	852	0
628	620	632	632	645.2	0
457.3333333	464	524	384	528	1
469.3333333	436	484	488	451.6	1
552	600	544	512	410	1
857.3333333	844	856	872	869.6	0
912	924	888	924	913.2	0
450.6666667	288	416	648	460.4	1
836	832	840	836	836.8	0
928	924	948	912	940.8	0
377.3333333	424	352	356	487.6	1
848	840	852	852	849.6	0
472	440	508	468	449.6	1
822.6666667	820	828	820	741.2	0
400	460	376	364	513.2	1
914.6666667	912	916	916	915.2	0
920	928	904	928	893.6	0
374.6666667	300	440	384	422	1
777.3333333	792	816	724	922.8	1
508	492	444	588	460.8	1
844	844	848	840	852.8	0
828	824	832	828	820	0
744	688	656	888	774	1
321.3333333	300	312	352	478.4	1
864	852	860	880	846	0
478.6666667	560	448	428	413.6	1
444	432	480	420	483.6	0
904	912	904	896	872.8	0
808	804	816	804	813.6	0
374.6666667	392	380	352	455.6	1
1264	928	1016	1848	813.6	1
874.6666667	872	868	884	873.6	0
393.3333333	412	468	300	356.8	1
892	888	916	872	922.8	0
873.3333333	880	876	864	876.4	0
421.3333333	648	304	312	336.8	1
549.3333333	440	800	408	814.8	0
854.6666667	852	848	864	844.8	0
726.6666667	720	732	728	740	0
518.6666667	628	476	452	484.8	1
420	424	320	516	406.8	1
617.3333333	836	676	340	501.2	1
338.6666667	312	384	320	524.8	1
506.6666667	460	692	368	440	1
924	912	924	936	923.6	0
1017.333333	1028	1016	1008	975.2	0
906.6666667	904	904	912	910	0
1156	1228	1128	1112	1125.2	0
838.6666667	840	836	840	838.8	0
333.3333333	380	284	336	364	1
966.6666667	964	1012	924	1034	0
944	944	956	932	908.4	0
620	508	596	756	892	1
584	704	368	680	435.6	1
917.3333333	920	900	932	921.2	0
909.3333333	924	888	916	886	0
774.6666667	764	776	784	817.6	0
905.3333333	896	904	916	913.6	0
438.6666667	480	512	324	462.8	1
384	408	396	348	377.6	1
850.6666667	852	852	848	847.6	0
385.3333333	332	500	324	441.6	1
921.3333333	920	912	932	910.8	0
620	604	628	628	412	1
941.3333333	920	956	948	944.8	0
920	924	920	916	906.4	0
948	944	932	968	901.2	0
934.6666667	944	916	944	927.2	0
830.6666667	840	828	824	825.2	0
1114.666667	1540	892	912	898.8	0
290.6666667	296	292	284	488.8	1
925.3333333	924	916	936	855.6	0
777.3333333	772	584	976	718	1
812	812	804	820	811.2	0
524	756	444	372	477.2	1
384	388	348	416	462.4	1
861.3333333	856	864	864	856.4	0
534.6666667	568	536	500	654.4	1
453.3333333	336	380	644	374.8	1
446.6666667	312	528	500	372.8	1
870.6666667	864	872	876	880.8	0
317.3333333	360	336	256	413.6	1
832	796	828	872	838	0
974.6666667	968	992	964	889.6	0
885.3333333	884	896	876	883.2	0
430.6666667	504	376	412	479.6	1
941.3333333	952	928	944	934	0
424	360	460	452	422.4	1
768	776	764	764	815.6	0
913.3333333	924	904	912	886.8	0
873.3333333	872	868	880	869.2	0
497.3333333	284	552	656	421.2	1
897.3333333	812	1172	708	862	1
424	500	436	336	490.8	1
841.3333333	844	840	840	832.4	0
